Insert 24
`- [24]
Insert 20
`- [20, 24]
Insert 26
`- [20, 24, 26]
Insert 25
`- [20, 24, 25, 26]
Insert 5
`- [24]
   |- [5, 20]
   `- [24, 25, 26]
Insert 28
`- [24]
   |- [5, 20]
   `- [24, 25, 26, 28]
Insert 17
`- [24]
   |- [5, 17, 20]
   `- [24, 25, 26, 28]
Insert 8
`- [24]
   |- [5, 8, 17, 20]
   `- [24, 25, 26, 28]
Insert 14
`- [14, 24]
   |- [5, 8]
   |- [14, 17, 20]
   `- [24, 25, 26, 28]
Insert 11
`- [14, 24]
   |- [5, 8, 11]
   |- [14, 17, 20]
   `- [24, 25, 26, 28]
Insert 0
`- [14, 24]
   |- [0, 5, 8, 11]
   |- [14, 17, 20]
   `- [24, 25, 26, 28]
Insert 15
`- [14, 24]
   |- [0, 5, 8, 11]
   |- [14, 15, 17, 20]
   `- [24, 25, 26, 28]
Insert 4
`- [5, 14, 24]
   |- [0, 4]
   |- [5, 8, 11]
   |- [14, 15, 17, 20]
   `- [24, 25, 26, 28]
Insert 3
`- [5, 14, 24]
   |- [0, 3, 4]
   |- [5, 8, 11]
   |- [14, 15, 17, 20]
   `- [24, 25, 26, 28]
Insert 13
`- [5, 14, 24]
   |- [0, 3, 4]
   |- [5, 8, 11, 13]
   |- [14, 15, 17, 20]
   `- [24, 25, 26, 28]
Insert 16
`- [5, 14, 16, 24]
   |- [0, 3, 4]
   |- [5, 8, 11, 13]
   |- [14, 15]
   |- [16, 17, 20]
   `- [24, 25, 26, 28]
Insert 22
`- [5, 14, 16, 24]
   |- [0, 3, 4]
   |- [5, 8, 11, 13]
   |- [14, 15]
   |- [16, 17, 20, 22]
   `- [24, 25, 26, 28]
Insert 9
`- [14]
   |- [5, 9]
   |  |- [0, 3, 4]
   |  |- [5, 8]
   |  `- [9, 11, 13]
   `- [16, 24]
      |- [14, 15]
      |- [16, 17, 20, 22]
      `- [24, 25, 26, 28]
Insert 7
`- [14]
   |- [5, 9]
   |  |- [0, 3, 4]
   |  |- [5, 7, 8]
   |  `- [9, 11, 13]
   `- [16, 24]
      |- [14, 15]
      |- [16, 17, 20, 22]
      `- [24, 25, 26, 28]
Insert 27
`- [14]
   |- [5, 9]
   |  |- [0, 3, 4]
   |  |- [5, 7, 8]
   |  `- [9, 11, 13]
   `- [16, 24, 26]
      |- [14, 15]
      |- [16, 17, 20, 22]
      |- [24, 25]
      `- [26, 27, 28]
Insert 18
`- [14]
   |- [5, 9]
   |  |- [0, 3, 4]
   |  |- [5, 7, 8]
   |  `- [9, 11, 13]
   `- [16, 18, 24, 26]
      |- [14, 15]
      |- [16, 17]
      |- [18, 20, 22]
      |- [24, 25]
      `- [26, 27, 28]
Insert 21
`- [14]
   |- [5, 9]
   |  |- [0, 3, 4]
   |  |- [5, 7, 8]
   |  `- [9, 11, 13]
   `- [16, 18, 24, 26]
      |- [14, 15]
      |- [16, 17]
      |- [18, 20, 21, 22]
      |- [24, 25]
      `- [26, 27, 28]
Insert 23
`- [14, 21]
   |- [5, 9]
   |  |- [0, 3, 4]
   |  |- [5, 7, 8]
   |  `- [9, 11, 13]
   |- [16, 18]
   |  |- [14, 15]
   |  |- [16, 17]
   |  `- [18, 20]
   `- [24, 26]
      |- [21, 22, 23]
      |- [24, 25]
      `- [26, 27, 28]
Insert 19
`- [14, 21]
   |- [5, 9]
   |  |- [0, 3, 4]
   |  |- [5, 7, 8]
   |  `- [9, 11, 13]
   |- [16, 18]
   |  |- [14, 15]
   |  |- [16, 17]
   |  `- [18, 19, 20]
   `- [24, 26]
      |- [21, 22, 23]
      |- [24, 25]
      `- [26, 27, 28]
Insert 2
`- [14, 21]
   |- [5, 9]
   |  |- [0, 2, 3, 4]
   |  |- [5, 7, 8]
   |  `- [9, 11, 13]
   |- [16, 18]
   |  |- [14, 15]
   |  |- [16, 17]
   |  `- [18, 19, 20]
   `- [24, 26]
      |- [21, 22, 23]
      |- [24, 25]
      `- [26, 27, 28]
Insert 12
`- [14, 21]
   |- [5, 9]
   |  |- [0, 2, 3, 4]
   |  |- [5, 7, 8]
   |  `- [9, 11, 12, 13]
   |- [16, 18]
   |  |- [14, 15]
   |  |- [16, 17]
   |  `- [18, 19, 20]
   `- [24, 26]
      |- [21, 22, 23]
      |- [24, 25]
      `- [26, 27, 28]
Insert 29
`- [14, 21]
   |- [5, 9]
   |  |- [0, 2, 3, 4]
   |  |- [5, 7, 8]
   |  `- [9, 11, 12, 13]
   |- [16, 18]
   |  |- [14, 15]
   |  |- [16, 17]
   |  `- [18, 19, 20]
   `- [24, 26]
      |- [21, 22, 23]
      |- [24, 25]
      `- [26, 27, 28, 29]
Insert 6
`- [14, 21]
   |- [5, 9]
   |  |- [0, 2, 3, 4]
   |  |- [5, 6, 7, 8]
   |  `- [9, 11, 12, 13]
   |- [16, 18]
   |  |- [14, 15]
   |  |- [16, 17]
   |  `- [18, 19, 20]
   `- [24, 26]
      |- [21, 22, 23]
      |- [24, 25]
      `- [26, 27, 28, 29]
Insert 1
`- [14, 21]
   |- [2, 5, 9]
   |  |- [0, 1]
   |  |- [2, 3, 4]
   |  |- [5, 6, 7, 8]
   |  `- [9, 11, 12, 13]
   |- [16, 18]
   |  |- [14, 15]
   |  |- [16, 17]
   |  `- [18, 19, 20]
   `- [24, 26]
      |- [21, 22, 23]
      |- [24, 25]
      `- [26, 27, 28, 29]
Insert 10
`- [14, 21]
   |- [2, 5, 9, 11]
   |  |- [0, 1]
   |  |- [2, 3, 4]
   |  |- [5, 6, 7, 8]
   |  |- [9, 10]
   |  `- [11, 12, 13]
   |- [16, 18]
   |  |- [14, 15]
   |  |- [16, 17]
   |  `- [18, 19, 20]
   `- [24, 26]
      |- [21, 22, 23]
      |- [24, 25]
      `- [26, 27, 28, 29]
Delete 14
`- [14]
   |- [2, 5, 9, 11]
   |  |- [0, 1]
   |  |- [2, 3, 4]
   |  |- [5, 6, 7, 8]
   |  |- [9, 10]
   |  `- [11, 12, 13]
   `- [18, 21, 24, 26]
      |- [15, 16, 17]
      |- [18, 19, 20]
      |- [21, 22, 23]
      |- [24, 25]
      `- [26, 27, 28, 29]
Delete 11
`- [14]
   |- [2, 5, 9, 11]
   |  |- [0, 1]
   |  |- [2, 3, 4]
   |  |- [5, 6, 7, 8]
   |  |- [9, 10]
   |  `- [12, 13]
   `- [18, 21, 24, 26]
      |- [15, 16, 17]
      |- [18, 19, 20]
      |- [21, 22, 23]
      |- [24, 25]
      `- [26, 27, 28, 29]
Delete 21
`- [14]
   |- [2, 5, 9, 11]
   |  |- [0, 1]
   |  |- [2, 3, 4]
   |  |- [5, 6, 7, 8]
   |  |- [9, 10]
   |  `- [12, 13]
   `- [18, 21, 24, 26]
      |- [15, 16, 17]
      |- [18, 19, 20]
      |- [22, 23]
      |- [24, 25]
      `- [26, 27, 28, 29]
Delete 16
`- [14]
   |- [2, 5, 9, 11]
   |  |- [0, 1]
   |  |- [2, 3, 4]
   |  |- [5, 6, 7, 8]
   |  |- [9, 10]
   |  `- [12, 13]
   `- [18, 21, 24, 26]
      |- [15, 17]
      |- [18, 19, 20]
      |- [22, 23]
      |- [24, 25]
      `- [26, 27, 28, 29]
Delete 5
`- [14]
   |- [2, 5, 9, 11]
   |  |- [0, 1]
   |  |- [2, 3, 4]
   |  |- [6, 7, 8]
   |  |- [9, 10]
   |  `- [12, 13]
   `- [18, 21, 24, 26]
      |- [15, 17]
      |- [18, 19, 20]
      |- [22, 23]
      |- [24, 25]
      `- [26, 27, 28, 29]
Delete 24
`- [14]
   |- [2, 5, 9, 11]
   |  |- [0, 1]
   |  |- [2, 3, 4]
   |  |- [6, 7, 8]
   |  |- [9, 10]
   |  `- [12, 13]
   `- [18, 21, 24, 27]
      |- [15, 17]
      |- [18, 19, 20]
      |- [22, 23]
      |- [25, 26]
      `- [27, 28, 29]
Delete 6
`- [14]
   |- [2, 5, 9, 11]
   |  |- [0, 1]
   |  |- [2, 3, 4]
   |  |- [7, 8]
   |  |- [9, 10]
   |  `- [12, 13]
   `- [18, 21, 24, 27]
      |- [15, 17]
      |- [18, 19, 20]
      |- [22, 23]
      |- [25, 26]
      `- [27, 28, 29]
Delete 7
`- [14]
   |- [2, 5, 11]
   |  |- [0, 1]
   |  |- [2, 3, 4]
   |  |- [8, 9, 10]
   |  `- [12, 13]
   `- [18, 21, 24, 27]
      |- [15, 17]
      |- [18, 19, 20]
      |- [22, 23]
      |- [25, 26]
      `- [27, 28, 29]
Delete 9
`- [14]
   |- [2, 5, 11]
   |  |- [0, 1]
   |  |- [2, 3, 4]
   |  |- [8, 10]
   |  `- [12, 13]
   `- [18, 21, 24, 27]
      |- [15, 17]
      |- [18, 19, 20]
      |- [22, 23]
      |- [25, 26]
      `- [27, 28, 29]
Delete 17
`- [14]
   |- [2, 5, 11]
   |  |- [0, 1]
   |  |- [2, 3, 4]
   |  |- [8, 10]
   |  `- [12, 13]
   `- [21, 24, 27]
      |- [15, 18, 19, 20]
      |- [22, 23]
      |- [25, 26]
      `- [27, 28, 29]
Delete 1
`- [14]
   |- [5, 11]
   |  |- [0, 2, 3, 4]
   |  |- [8, 10]
   |  `- [12, 13]
   `- [21, 24, 27]
      |- [15, 18, 19, 20]
      |- [22, 23]
      |- [25, 26]
      `- [27, 28, 29]
Delete 25
`- [14]
   |- [5, 11]
   |  |- [0, 2, 3, 4]
   |  |- [8, 10]
   |  `- [12, 13]
   `- [21, 24]
      |- [15, 18, 19, 20]
      |- [22, 23]
      `- [26, 27, 28, 29]
Delete 29
`- [14]
   |- [5, 11]
   |  |- [0, 2, 3, 4]
   |  |- [8, 10]
   |  `- [12, 13]
   `- [21, 24]
      |- [15, 18, 19, 20]
      |- [22, 23]
      `- [26, 27, 28]
Delete 18
`- [14]
   |- [5, 11]
   |  |- [0, 2, 3, 4]
   |  |- [8, 10]
   |  `- [12, 13]
   `- [21, 24]
      |- [15, 19, 20]
      |- [22, 23]
      `- [26, 27, 28]
Delete 8
`- [5, 14, 21, 24]
   |- [0, 2, 3, 4]
   |- [10, 12, 13]
   |- [15, 19, 20]
   |- [22, 23]
   `- [26, 27, 28]
Delete 0
`- [5, 14, 21, 24]
   |- [2, 3, 4]
   |- [10, 12, 13]
   |- [15, 19, 20]
   |- [22, 23]
   `- [26, 27, 28]
Delete 13
`- [5, 14, 21, 24]
   |- [2, 3, 4]
   |- [10, 12]
   |- [15, 19, 20]
   |- [22, 23]
   `- [26, 27, 28]
Delete 10
`- [5, 21, 24]
   |- [2, 3, 4]
   |- [12, 15, 19, 20]
   |- [22, 23]
   `- [26, 27, 28]
Delete 23
`- [5, 21]
   |- [2, 3, 4]
   |- [12, 15, 19, 20]
   `- [22, 26, 27, 28]
Delete 26
`- [5, 21]
   |- [2, 3, 4]
   |- [12, 15, 19, 20]
   `- [22, 27, 28]
Delete 4
`- [5, 21]
   |- [2, 3]
   |- [12, 15, 19, 20]
   `- [22, 27, 28]
Delete 2
`- [15, 21]
   |- [3, 12]
   |- [15, 19, 20]
   `- [22, 27, 28]
Delete 28
`- [15, 21]
   |- [3, 12]
   |- [15, 19, 20]
   `- [22, 27]
Delete 20
`- [15, 21]
   |- [3, 12]
   |- [15, 19]
   `- [22, 27]
Delete 3
`- [21]
   |- [12, 15, 19]
   `- [22, 27]
Delete 19
`- [21]
   |- [12, 15]
   `- [22, 27]
Delete 27
`- [12, 15, 22]
Delete 12
`- [15, 22]
Delete 15
`- [22]