Insert 24
`- [24]
Insert 9
`- [9, 24]
Insert 39
`- [9, 24, 39]
Insert 21
`- [9, 21, 24, 39]
Insert 37
`- [24]
   |- [9, 21]
   `- [24, 37, 39]
Insert 2
`- [24]
   |- [2, 9, 21]
   `- [24, 37, 39]
Insert 23
`- [24]
   |- [2, 9, 21, 23]
   `- [24, 37, 39]
Insert 4
`- [9, 24]
   |- [2, 4]
   |- [9, 21, 23]
   `- [24, 37, 39]
Insert 31
`- [9, 24]
   |- [2, 4]
   |- [9, 21, 23]
   `- [24, 31, 37, 39]
Insert 28
`- [9, 24, 31]
   |- [2, 4]
   |- [9, 21, 23]
   |- [24, 28]
   `- [31, 37, 39]
Insert 1
`- [9, 24, 31]
   |- [1, 2, 4]
   |- [9, 21, 23]
   |- [24, 28]
   `- [31, 37, 39]
Insert 33
`- [9, 24, 31]
   |- [1, 2, 4]
   |- [9, 21, 23]
   |- [24, 28]
   `- [31, 33, 37, 39]
Insert 8
`- [9, 24, 31]
   |- [1, 2, 4, 8]
   |- [9, 21, 23]
   |- [24, 28]
   `- [31, 33, 37, 39]
Insert 15
`- [9, 24, 31]
   |- [1, 2, 4, 8]
   |- [9, 15, 21, 23]
   |- [24, 28]
   `- [31, 33, 37, 39]
Insert 12
`- [9, 15, 24, 31]
   |- [1, 2, 4, 8]
   |- [9, 12]
   |- [15, 21, 23]
   |- [24, 28]
   `- [31, 33, 37, 39]
Insert 29
`- [9, 15, 24, 31]
   |- [1, 2, 4, 8]
   |- [9, 12]
   |- [15, 21, 23]
   |- [24, 28, 29]
   `- [31, 33, 37, 39]
Insert 30
`- [9, 15, 24, 31]
   |- [1, 2, 4, 8]
   |- [9, 12]
   |- [15, 21, 23]
   |- [24, 28, 29, 30]
   `- [31, 33, 37, 39]
Insert 38
`- [24]
   |- [9, 15]
   |  |- [1, 2, 4, 8]
   |  |- [9, 12]
   |  `- [15, 21, 23]
   `- [31, 37]
      |- [24, 28, 29, 30]
      |- [31, 33]
      `- [37, 38, 39]
Insert 17
`- [24]
   |- [9, 15]
   |  |- [1, 2, 4, 8]
   |  |- [9, 12]
   |  `- [15, 17, 21, 23]
   `- [31, 37]
      |- [24, 28, 29, 30]
      |- [31, 33]
      `- [37, 38, 39]
Insert 26
`- [24]
   |- [9, 15]
   |  |- [1, 2, 4, 8]
   |  |- [9, 12]
   |  `- [15, 17, 21, 23]
   `- [28, 31, 37]
      |- [24, 26]
      |- [28, 29, 30]
      |- [31, 33]
      `- [37, 38, 39]
Insert 7
`- [24]
   |- [4, 9, 15]
   |  |- [1, 2]
   |  |- [4, 7, 8]
   |  |- [9, 12]
   |  `- [15, 17, 21, 23]
   `- [28, 31, 37]
      |- [24, 26]
      |- [28, 29, 30]
      |- [31, 33]
      `- [37, 38, 39]
Insert 32
`- [24]
   |- [4, 9, 15]
   |  |- [1, 2]
   |  |- [4, 7, 8]
   |  |- [9, 12]
   |  `- [15, 17, 21, 23]
   `- [28, 31, 37]
      |- [24, 26]
      |- [28, 29, 30]
      |- [31, 32, 33]
      `- [37, 38, 39]
Insert 20
`- [24]
   |- [4, 9, 15, 20]
   |  |- [1, 2]
   |  |- [4, 7, 8]
   |  |- [9, 12]
   |  |- [15, 17]
   |  `- [20, 21, 23]
   `- [28, 31, 37]
      |- [24, 26]
      |- [28, 29, 30]
      |- [31, 32, 33]
      `- [37, 38, 39]
Insert 35
`- [24]
   |- [4, 9, 15, 20]
   |  |- [1, 2]
   |  |- [4, 7, 8]
   |  |- [9, 12]
   |  |- [15, 17]
   |  `- [20, 21, 23]
   `- [28, 31, 37]
      |- [24, 26]
      |- [28, 29, 30]
      |- [31, 32, 33, 35]
      `- [37, 38, 39]
Insert 27
`- [24]
   |- [4, 9, 15, 20]
   |  |- [1, 2]
   |  |- [4, 7, 8]
   |  |- [9, 12]
   |  |- [15, 17]
   |  `- [20, 21, 23]
   `- [28, 31, 37]
      |- [24, 26, 27]
      |- [28, 29, 30]
      |- [31, 32, 33, 35]
      `- [37, 38, 39]
Insert 10
`- [24]
   |- [4, 9, 15, 20]
   |  |- [1, 2]
   |  |- [4, 7, 8]
   |  |- [9, 10, 12]
   |  |- [15, 17]
   |  `- [20, 21, 23]
   `- [28, 31, 37]
      |- [24, 26, 27]
      |- [28, 29, 30]
      |- [31, 32, 33, 35]
      `- [37, 38, 39]
Insert 19
`- [24]
   |- [4, 9, 15, 20]
   |  |- [1, 2]
   |  |- [4, 7, 8]
   |  |- [9, 10, 12]
   |  |- [15, 17, 19]
   |  `- [20, 21, 23]
   `- [28, 31, 37]
      |- [24, 26, 27]
      |- [28, 29, 30]
      |- [31, 32, 33, 35]
      `- [37, 38, 39]
Insert 14
`- [24]
   |- [4, 9, 15, 20]
   |  |- [1, 2]
   |  |- [4, 7, 8]
   |  |- [9, 10, 12, 14]
   |  |- [15, 17, 19]
   |  `- [20, 21, 23]
   `- [28, 31, 37]
      |- [24, 26, 27]
      |- [28, 29, 30]
      |- [31, 32, 33, 35]
      `- [37, 38, 39]
Insert 34
`- [24]
   |- [4, 9, 15, 20]
   |  |- [1, 2]
   |  |- [4, 7, 8]
   |  |- [9, 10, 12, 14]
   |  |- [15, 17, 19]
   |  `- [20, 21, 23]
   `- [28, 31, 33, 37]
      |- [24, 26, 27]
      |- [28, 29, 30]
      |- [31, 32]
      |- [33, 34, 35]
      `- [37, 38, 39]
Insert 36
`- [24]
   |- [4, 9, 15, 20]
   |  |- [1, 2]
   |  |- [4, 7, 8]
   |  |- [9, 10, 12, 14]
   |  |- [15, 17, 19]
   |  `- [20, 21, 23]
   `- [28, 31, 33, 37]
      |- [24, 26, 27]
      |- [28, 29, 30]
      |- [31, 32]
      |- [33, 34, 35, 36]
      `- [37, 38, 39]
Insert 22
`- [24]
   |- [4, 9, 15, 20]
   |  |- [1, 2]
   |  |- [4, 7, 8]
   |  |- [9, 10, 12, 14]
   |  |- [15, 17, 19]
   |  `- [20, 21, 22, 23]
   `- [28, 31, 33, 37]
      |- [24, 26, 27]
      |- [28, 29, 30]
      |- [31, 32]
      |- [33, 34, 35, 36]
      `- [37, 38, 39]
Insert 0
`- [24]
   |- [4, 9, 15, 20]
   |  |- [0, 1, 2]
   |  |- [4, 7, 8]
   |  |- [9, 10, 12, 14]
   |  |- [15, 17, 19]
   |  `- [20, 21, 22, 23]
   `- [28, 31, 33, 37]
      |- [24, 26, 27]
      |- [28, 29, 30]
      |- [31, 32]
      |- [33, 34, 35, 36]
      `- [37, 38, 39]
Insert 3
`- [24]
   |- [4, 9, 15, 20]
   |  |- [0, 1, 2, 3]
   |  |- [4, 7, 8]
   |  |- [9, 10, 12, 14]
   |  |- [15, 17, 19]
   |  `- [20, 21, 22, 23]
   `- [28, 31, 33, 37]
      |- [24, 26, 27]
      |- [28, 29, 30]
      |- [31, 32]
      |- [33, 34, 35, 36]
      `- [37, 38, 39]
Insert 6
`- [24]
   |- [4, 9, 15, 20]
   |  |- [0, 1, 2, 3]
   |  |- [4, 6, 7, 8]
   |  |- [9, 10, 12, 14]
   |  |- [15, 17, 19]
   |  `- [20, 21, 22, 23]
   `- [28, 31, 33, 37]
      |- [24, 26, 27]
      |- [28, 29, 30]
      |- [31, 32]
      |- [33, 34, 35, 36]
      `- [37, 38, 39]
Insert 18
`- [24]
   |- [4, 9, 15, 20]
   |  |- [0, 1, 2, 3]
   |  |- [4, 6, 7, 8]
   |  |- [9, 10, 12, 14]
   |  |- [15, 17, 18, 19]
   |  `- [20, 21, 22, 23]
   `- [28, 31, 33, 37]
      |- [24, 26, 27]
      |- [28, 29, 30]
      |- [31, 32]
      |- [33, 34, 35, 36]
      `- [37, 38, 39]
Insert 25
`- [24]
   |- [4, 9, 15, 20]
   |  |- [0, 1, 2, 3]
   |  |- [4, 6, 7, 8]
   |  |- [9, 10, 12, 14]
   |  |- [15, 17, 18, 19]
   |  `- [20, 21, 22, 23]
   `- [28, 31, 33, 37]
      |- [24, 25, 26, 27]
      |- [28, 29, 30]
      |- [31, 32]
      |- [33, 34, 35, 36]
      `- [37, 38, 39]
Insert 5
`- [9, 24]
   |- [4, 6]
   |  |- [0, 1, 2, 3]
   |  |- [4, 5]
   |  `- [6, 7, 8]
   |- [15, 20]
   |  |- [9, 10, 12, 14]
   |  |- [15, 17, 18, 19]
   |  `- [20, 21, 22, 23]
   `- [28, 31, 33, 37]
      |- [24, 25, 26, 27]
      |- [28, 29, 30]
      |- [31, 32]
      |- [33, 34, 35, 36]
      `- [37, 38, 39]
Insert 11
`- [9, 24]
   |- [4, 6]
   |  |- [0, 1, 2, 3]
   |  |- [4, 5]
   |  `- [6, 7, 8]
   |- [11, 15, 20]
   |  |- [9, 10]
   |  |- [11, 12, 14]
   |  |- [15, 17, 18, 19]
   |  `- [20, 21, 22, 23]
   `- [28, 31, 33, 37]
      |- [24, 25, 26, 27]
      |- [28, 29, 30]
      |- [31, 32]
      |- [33, 34, 35, 36]
      `- [37, 38, 39]
Insert 16
`- [9, 24]
   |- [4, 6]
   |  |- [0, 1, 2, 3]
   |  |- [4, 5]
   |  `- [6, 7, 8]
   |- [11, 15, 17, 20]
   |  |- [9, 10]
   |  |- [11, 12, 14]
   |  |- [15, 16]
   |  |- [17, 18, 19]
   |  `- [20, 21, 22, 23]
   `- [28, 31, 33, 37]
      |- [24, 25, 26, 27]
      |- [28, 29, 30]
      |- [31, 32]
      |- [33, 34, 35, 36]
      `- [37, 38, 39]
Insert 13
`- [9, 24]
   |- [4, 6]
   |  |- [0, 1, 2, 3]
   |  |- [4, 5]
   |  `- [6, 7, 8]
   |- [11, 15, 17, 20]
   |  |- [9, 10]
   |  |- [11, 12, 13, 14]
   |  |- [15, 16]
   |  |- [17, 18, 19]
   |  `- [20, 21, 22, 23]
   `- [28, 31, 33, 37]
      |- [24, 25, 26, 27]
      |- [28, 29, 30]
      |- [31, 32]
      |- [33, 34, 35, 36]
      `- [37, 38, 39]
Delete 24
`- [9, 24]
   |- [4, 6]
   |  |- [0, 1, 2, 3]
   |  |- [4, 5]
   |  `- [6, 7, 8]
   |- [11, 15, 17, 20]
   |  |- [9, 10]
   |  |- [11, 12, 13, 14]
   |  |- [15, 16]
   |  |- [17, 18, 19]
   |  `- [20, 21, 22, 23]
   `- [28, 31, 33, 37]
      |- [25, 26, 27]
      |- [28, 29, 30]
      |- [31, 32]
      |- [33, 34, 35, 36]
      `- [37, 38, 39]
Delete 31
`- [9, 24]
   |- [4, 6]
   |  |- [0, 1, 2, 3]
   |  |- [4, 5]
   |  `- [6, 7, 8]
   |- [11, 15, 17, 20]
   |  |- [9, 10]
   |  |- [11, 12, 13, 14]
   |  |- [15, 16]
   |  |- [17, 18, 19]
   |  `- [20, 21, 22, 23]
   `- [28, 31, 34, 37]
      |- [25, 26, 27]
      |- [28, 29, 30]
      |- [32, 33]
      |- [34, 35, 36]
      `- [37, 38, 39]
Delete 14
`- [9, 24]
   |- [4, 6]
   |  |- [0, 1, 2, 3]
   |  |- [4, 5]
   |  `- [6, 7, 8]
   |- [11, 15, 17, 20]
   |  |- [9, 10]
   |  |- [11, 12, 13]
   |  |- [15, 16]
   |  |- [17, 18, 19]
   |  `- [20, 21, 22, 23]
   `- [28, 31, 34, 37]
      |- [25, 26, 27]
      |- [28, 29, 30]
      |- [32, 33]
      |- [34, 35, 36]
      `- [37, 38, 39]
Delete 32
`- [9, 24]
   |- [4, 6]
   |  |- [0, 1, 2, 3]
   |  |- [4, 5]
   |  `- [6, 7, 8]
   |- [11, 15, 17, 20]
   |  |- [9, 10]
   |  |- [11, 12, 13]
   |  |- [15, 16]
   |  |- [17, 18, 19]
   |  `- [20, 21, 22, 23]
   `- [28, 31, 37]
      |- [25, 26, 27]
      |- [28, 29, 30]
      |- [33, 34, 35, 36]
      `- [37, 38, 39]
Delete 28
`- [9, 24]
   |- [4, 6]
   |  |- [0, 1, 2, 3]
   |  |- [4, 5]
   |  `- [6, 7, 8]
   |- [11, 15, 17, 20]
   |  |- [9, 10]
   |  |- [11, 12, 13]
   |  |- [15, 16]
   |  |- [17, 18, 19]
   |  `- [20, 21, 22, 23]
   `- [28, 31, 37]
      |- [25, 26, 27]
      |- [29, 30]
      |- [33, 34, 35, 36]
      `- [37, 38, 39]
Delete 21
`- [9, 24]
   |- [4, 6]
   |  |- [0, 1, 2, 3]
   |  |- [4, 5]
   |  `- [6, 7, 8]
   |- [11, 15, 17, 20]
   |  |- [9, 10]
   |  |- [11, 12, 13]
   |  |- [15, 16]
   |  |- [17, 18, 19]
   |  `- [20, 22, 23]
   `- [28, 31, 37]
      |- [25, 26, 27]
      |- [29, 30]
      |- [33, 34, 35, 36]
      `- [37, 38, 39]
Delete 39
`- [9, 24]
   |- [4, 6]
   |  |- [0, 1, 2, 3]
   |  |- [4, 5]
   |  `- [6, 7, 8]
   |- [11, 15, 17, 20]
   |  |- [9, 10]
   |  |- [11, 12, 13]
   |  |- [15, 16]
   |  |- [17, 18, 19]
   |  `- [20, 22, 23]
   `- [28, 31, 37]
      |- [25, 26, 27]
      |- [29, 30]
      |- [33, 34, 35, 36]
      `- [37, 38]
Delete 16
`- [9, 24]
   |- [4, 6]
   |  |- [0, 1, 2, 3]
   |  |- [4, 5]
   |  `- [6, 7, 8]
   |- [11, 15, 20]
   |  |- [9, 10]
   |  |- [11, 12, 13]
   |  |- [15, 17, 18, 19]
   |  `- [20, 22, 23]
   `- [28, 31, 37]
      |- [25, 26, 27]
      |- [29, 30]
      |- [33, 34, 35, 36]
      `- [37, 38]
Delete 8
`- [9, 24]
   |- [4, 6]
   |  |- [0, 1, 2, 3]
   |  |- [4, 5]
   |  `- [6, 7]
   |- [11, 15, 20]
   |  |- [9, 10]
   |  |- [11, 12, 13]
   |  |- [15, 17, 18, 19]
   |  `- [20, 22, 23]
   `- [28, 31, 37]
      |- [25, 26, 27]
      |- [29, 30]
      |- [33, 34, 35, 36]
      `- [37, 38]
Delete 19
`- [9, 24]
   |- [4, 6]
   |  |- [0, 1, 2, 3]
   |  |- [4, 5]
   |  `- [6, 7]
   |- [11, 15, 20]
   |  |- [9, 10]
   |  |- [11, 12, 13]
   |  |- [15, 17, 18]
   |  `- [20, 22, 23]
   `- [28, 31, 37]
      |- [25, 26, 27]
      |- [29, 30]
      |- [33, 34, 35, 36]
      `- [37, 38]
Delete 7
`- [11, 24]
   |- [4, 9]
   |  |- [0, 1, 2, 3]
   |  |- [4, 5, 6]
   |  `- [9, 10]
   |- [15, 20]
   |  |- [11, 12, 13]
   |  |- [15, 17, 18]
   |  `- [20, 22, 23]
   `- [28, 31, 37]
      |- [25, 26, 27]
      |- [29, 30]
      |- [33, 34, 35, 36]
      `- [37, 38]
Delete 18
`- [11, 24]
   |- [4, 9]
   |  |- [0, 1, 2, 3]
   |  |- [4, 5, 6]
   |  `- [9, 10]
   |- [15, 20]
   |  |- [11, 12, 13]
   |  |- [15, 17]
   |  `- [20, 22, 23]
   `- [28, 31, 37]
      |- [25, 26, 27]
      |- [29, 30]
      |- [33, 34, 35, 36]
      `- [37, 38]
Delete 12
`- [11, 24]
   |- [4, 9]
   |  |- [0, 1, 2, 3]
   |  |- [4, 5, 6]
   |  `- [9, 10]
   |- [15, 20]
   |  |- [11, 13]
   |  |- [15, 17]
   |  `- [20, 22, 23]
   `- [28, 31, 37]
      |- [25, 26, 27]
      |- [29, 30]
      |- [33, 34, 35, 36]
      `- [37, 38]
Delete 34
`- [11, 24]
   |- [4, 9]
   |  |- [0, 1, 2, 3]
   |  |- [4, 5, 6]
   |  `- [9, 10]
   |- [15, 20]
   |  |- [11, 13]
   |  |- [15, 17]
   |  `- [20, 22, 23]
   `- [28, 31, 37]
      |- [25, 26, 27]
      |- [29, 30]
      |- [33, 35, 36]
      `- [37, 38]
Delete 33
`- [11, 24]
   |- [4, 9]
   |  |- [0, 1, 2, 3]
   |  |- [4, 5, 6]
   |  `- [9, 10]
   |- [15, 20]
   |  |- [11, 13]
   |  |- [15, 17]
   |  `- [20, 22, 23]
   `- [28, 31, 37]
      |- [25, 26, 27]
      |- [29, 30]
      |- [35, 36]
      `- [37, 38]
Delete 35
`- [11, 24]
   |- [4, 9]
   |  |- [0, 1, 2, 3]
   |  |- [4, 5, 6]
   |  `- [9, 10]
   |- [15, 20]
   |  |- [11, 13]
   |  |- [15, 17]
   |  `- [20, 22, 23]
   `- [28, 31]
      |- [25, 26, 27]
      |- [29, 30]
      `- [36, 37, 38]
Delete 3
`- [11, 24]
   |- [4, 9]
   |  |- [0, 1, 2]
   |  |- [4, 5, 6]
   |  `- [9, 10]
   |- [15, 20]
   |  |- [11, 13]
   |  |- [15, 17]
   |  `- [20, 22, 23]
   `- [28, 31]
      |- [25, 26, 27]
      |- [29, 30]
      `- [36, 37, 38]
Delete 13
`- [11]
   |- [4, 9]
   |  |- [0, 1, 2]
   |  |- [4, 5, 6]
   |  `- [9, 10]
   `- [20, 24, 28, 31]
      |- [11, 15, 17]
      |- [20, 22, 23]
      |- [25, 26, 27]
      |- [29, 30]
      `- [36, 37, 38]
Delete 6
`- [11]
   |- [4, 9]
   |  |- [0, 1, 2]
   |  |- [4, 5]
   |  `- [9, 10]
   `- [20, 24, 28, 31]
      |- [11, 15, 17]
      |- [20, 22, 23]
      |- [25, 26, 27]
      |- [29, 30]
      `- [36, 37, 38]
Delete 5
`- [20]
   |- [4, 11]
   |  |- [0, 1, 2]
   |  |- [4, 9, 10]
   |  `- [11, 15, 17]
   `- [24, 28, 31]
      |- [20, 22, 23]
      |- [25, 26, 27]
      |- [29, 30]
      `- [36, 37, 38]
Delete 36
`- [20]
   |- [4, 11]
   |  |- [0, 1, 2]
   |  |- [4, 9, 10]
   |  `- [11, 15, 17]
   `- [24, 28, 31]
      |- [20, 22, 23]
      |- [25, 26, 27]
      |- [29, 30]
      `- [37, 38]
Delete 17
`- [20]
   |- [4, 11]
   |  |- [0, 1, 2]
   |  |- [4, 9, 10]
   |  `- [11, 15]
   `- [24, 28, 31]
      |- [20, 22, 23]
      |- [25, 26, 27]
      |- [29, 30]
      `- [37, 38]
Delete 15
`- [24]
   |- [4, 20]
   |  |- [0, 1, 2]
   |  |- [4, 9, 10, 11]
   |  `- [20, 22, 23]
   `- [28, 31]
      |- [25, 26, 27]
      |- [29, 30]
      `- [37, 38]
Delete 27
`- [24]
   |- [4, 20]
   |  |- [0, 1, 2]
   |  |- [4, 9, 10, 11]
   |  `- [20, 22, 23]
   `- [28, 31]
      |- [25, 26]
      |- [29, 30]
      `- [37, 38]
Delete 37
`- [4, 20, 24, 28]
   |- [0, 1, 2]
   |- [4, 9, 10, 11]
   |- [20, 22, 23]
   |- [25, 26]
   `- [29, 30, 38]
Delete 1
`- [4, 20, 24, 28]
   |- [0, 2]
   |- [4, 9, 10, 11]
   |- [20, 22, 23]
   |- [25, 26]
   `- [29, 30, 38]
Delete 10
`- [4, 20, 24, 28]
   |- [0, 2]
   |- [4, 9, 11]
   |- [20, 22, 23]
   |- [25, 26]
   `- [29, 30, 38]
Delete 20
`- [4, 20, 24, 28]
   |- [0, 2]
   |- [4, 9, 11]
   |- [22, 23]
   |- [25, 26]
   `- [29, 30, 38]
Delete 29
`- [4, 20, 24, 28]
   |- [0, 2]
   |- [4, 9, 11]
   |- [22, 23]
   |- [25, 26]
   `- [30, 38]
Delete 9
`- [4, 20, 24, 28]
   |- [0, 2]
   |- [4, 11]
   |- [22, 23]
   |- [25, 26]
   `- [30, 38]
Delete 25
`- [4, 20, 24]
   |- [0, 2]
   |- [4, 11]
   |- [22, 23]
   `- [26, 30, 38]
Delete 38
`- [4, 20, 24]
   |- [0, 2]
   |- [4, 11]
   |- [22, 23]
   `- [26, 30]
Delete 11
`- [4, 24]
   |- [0, 2]
   |- [4, 22, 23]
   `- [26, 30]
Delete 23
`- [4, 24]
   |- [0, 2]
   |- [4, 22]
   `- [26, 30]
Delete 2
`- [24]
   |- [0, 4, 22]
   `- [26, 30]
Delete 22
`- [24]
   |- [0, 4]
   `- [26, 30]
Delete 30
`- [0, 4, 26]
Delete 0
`- [4, 26]
Delete 4
`- [26]