Insert 40
`- [40]
Insert 46
`- [40, 46]
Insert 35
`- [35, 40, 46]
Insert 30
`- [30, 35, 40, 46]
Insert 49
`- [40]
   |- [30, 35]
   `- [40, 46, 49]
Insert 13
`- [40]
   |- [13, 30, 35]
   `- [40, 46, 49]
Insert 10
`- [40]
   |- [10, 13, 30, 35]
   `- [40, 46, 49]
Insert 5
`- [13, 40]
   |- [5, 10]
   |- [13, 30, 35]
   `- [40, 46, 49]
Insert 37
`- [13, 40]
   |- [5, 10]
   |- [13, 30, 35, 37]
   `- [40, 46, 49]
Insert 11
`- [13, 40]
   |- [5, 10, 11]
   |- [13, 30, 35, 37]
   `- [40, 46, 49]
Insert 45
`- [13, 40]
   |- [5, 10, 11]
   |- [13, 30, 35, 37]
   `- [40, 45, 46, 49]
Insert 24
`- [13, 30, 40]
   |- [5, 10, 11]
   |- [13, 24]
   |- [30, 35, 37]
   `- [40, 45, 46, 49]
Insert 32
`- [13, 30, 40]
   |- [5, 10, 11]
   |- [13, 24]
   |- [30, 32, 35, 37]
   `- [40, 45, 46, 49]
Insert 42
`- [13, 30, 40, 45]
   |- [5, 10, 11]
   |- [13, 24]
   |- [30, 32, 35, 37]
   |- [40, 42]
   `- [45, 46, 49]
Insert 33
`- [33]
   |- [13, 30]
   |  |- [5, 10, 11]
   |  |- [13, 24]
   |  `- [30, 32]
   `- [40, 45]
      |- [33, 35, 37]
      |- [40, 42]
      `- [45, 46, 49]
Insert 22
`- [33]
   |- [13, 30]
   |  |- [5, 10, 11]
   |  |- [13, 22, 24]
   |  `- [30, 32]
   `- [40, 45]
      |- [33, 35, 37]
      |- [40, 42]
      `- [45, 46, 49]
Insert 29
`- [33]
   |- [13, 30]
   |  |- [5, 10, 11]
   |  |- [13, 22, 24, 29]
   |  `- [30, 32]
   `- [40, 45]
      |- [33, 35, 37]
      |- [40, 42]
      `- [45, 46, 49]
Insert 18
`- [33]
   |- [13, 22, 30]
   |  |- [5, 10, 11]
   |  |- [13, 18]
   |  |- [22, 24, 29]
   |  `- [30, 32]
   `- [40, 45]
      |- [33, 35, 37]
      |- [40, 42]
      `- [45, 46, 49]
Insert 28
`- [33]
   |- [13, 22, 30]
   |  |- [5, 10, 11]
   |  |- [13, 18]
   |  |- [22, 24, 28, 29]
   |  `- [30, 32]
   `- [40, 45]
      |- [33, 35, 37]
      |- [40, 42]
      `- [45, 46, 49]
Insert 7
`- [33]
   |- [13, 22, 30]
   |  |- [5, 7, 10, 11]
   |  |- [13, 18]
   |  |- [22, 24, 28, 29]
   |  `- [30, 32]
   `- [40, 45]
      |- [33, 35, 37]
      |- [40, 42]
      `- [45, 46, 49]
Insert 9
`- [33]
   |- [9, 13, 22, 30]
   |  |- [5, 7]
   |  |- [9, 10, 11]
   |  |- [13, 18]
   |  |- [22, 24, 28, 29]
   |  `- [30, 32]
   `- [40, 45]
      |- [33, 35, 37]
      |- [40, 42]
      `- [45, 46, 49]
Insert 2
`- [33]
   |- [9, 13, 22, 30]
   |  |- [2, 5, 7]
   |  |- [9, 10, 11]
   |  |- [13, 18]
   |  |- [22, 24, 28, 29]
   |  `- [30, 32]
   `- [40, 45]
      |- [33, 35, 37]
      |- [40, 42]
      `- [45, 46, 49]
Insert 47
`- [33]
   |- [9, 13, 22, 30]
   |  |- [2, 5, 7]
   |  |- [9, 10, 11]
   |  |- [13, 18]
   |  |- [22, 24, 28, 29]
   |  `- [30, 32]
   `- [40, 45]
      |- [33, 35, 37]
      |- [40, 42]
      `- [45, 46, 47, 49]
Insert 0
`- [33]
   |- [9, 13, 22, 30]
   |  |- [0, 2, 5, 7]
   |  |- [9, 10, 11]
   |  |- [13, 18]
   |  |- [22, 24, 28, 29]
   |  `- [30, 32]
   `- [40, 45]
      |- [33, 35, 37]
      |- [40, 42]
      `- [45, 46, 47, 49]
Insert 14
`- [33]
   |- [9, 13, 22, 30]
   |  |- [0, 2, 5, 7]
   |  |- [9, 10, 11]
   |  |- [13, 14, 18]
   |  |- [22, 24, 28, 29]
   |  `- [30, 32]
   `- [40, 45]
      |- [33, 35, 37]
      |- [40, 42]
      `- [45, 46, 47, 49]
Insert 34
`- [33]
   |- [9, 13, 22, 30]
   |  |- [0, 2, 5, 7]
   |  |- [9, 10, 11]
   |  |- [13, 14, 18]
   |  |- [22, 24, 28, 29]
   |  `- [30, 32]
   `- [40, 45]
      |- [33, 34, 35, 37]
      |- [40, 42]
      `- [45, 46, 47, 49]
Insert 38
`- [33]
   |- [9, 13, 22, 30]
   |  |- [0, 2, 5, 7]
   |  |- [9, 10, 11]
   |  |- [13, 14, 18]
   |  |- [22, 24, 28, 29]
   |  `- [30, 32]
   `- [35, 40, 45]
      |- [33, 34]
      |- [35, 37, 38]
      |- [40, 42]
      `- [45, 46, 47, 49]
Insert 4
`- [13, 33]
   |- [4, 9]
   |  |- [0, 2]
   |  |- [4, 5, 7]
   |  `- [9, 10, 11]
   |- [22, 30]
   |  |- [13, 14, 18]
   |  |- [22, 24, 28, 29]
   |  `- [30, 32]
   `- [35, 40, 45]
      |- [33, 34]
      |- [35, 37, 38]
      |- [40, 42]
      `- [45, 46, 47, 49]
Insert 17
`- [13, 33]
   |- [4, 9]
   |  |- [0, 2]
   |  |- [4, 5, 7]
   |  `- [9, 10, 11]
   |- [22, 30]
   |  |- [13, 14, 17, 18]
   |  |- [22, 24, 28, 29]
   |  `- [30, 32]
   `- [35, 40, 45]
      |- [33, 34]
      |- [35, 37, 38]
      |- [40, 42]
      `- [45, 46, 47, 49]
Insert 16
`- [13, 33]
   |- [4, 9]
   |  |- [0, 2]
   |  |- [4, 5, 7]
   |  `- [9, 10, 11]
   |- [16, 22, 30]
   |  |- [13, 14]
   |  |- [16, 17, 18]
   |  |- [22, 24, 28, 29]
   |  `- [30, 32]
   `- [35, 40, 45]
      |- [33, 34]
      |- [35, 37, 38]
      |- [40, 42]
      `- [45, 46, 47, 49]
Insert 20
`- [13, 33]
   |- [4, 9]
   |  |- [0, 2]
   |  |- [4, 5, 7]
   |  `- [9, 10, 11]
   |- [16, 22, 30]
   |  |- [13, 14]
   |  |- [16, 17, 18, 20]
   |  |- [22, 24, 28, 29]
   |  `- [30, 32]
   `- [35, 40, 45]
      |- [33, 34]
      |- [35, 37, 38]
      |- [40, 42]
      `- [45, 46, 47, 49]
Insert 26
`- [13, 33]
   |- [4, 9]
   |  |- [0, 2]
   |  |- [4, 5, 7]
   |  `- [9, 10, 11]
   |- [16, 22, 26, 30]
   |  |- [13, 14]
   |  |- [16, 17, 18, 20]
   |  |- [22, 24]
   |  |- [26, 28, 29]
   |  `- [30, 32]
   `- [35, 40, 45]
      |- [33, 34]
      |- [35, 37, 38]
      |- [40, 42]
      `- [45, 46, 47, 49]
Insert 6
`- [13, 33]
   |- [4, 9]
   |  |- [0, 2]
   |  |- [4, 5, 6, 7]
   |  `- [9, 10, 11]
   |- [16, 22, 26, 30]
   |  |- [13, 14]
   |  |- [16, 17, 18, 20]
   |  |- [22, 24]
   |  |- [26, 28, 29]
   |  `- [30, 32]
   `- [35, 40, 45]
      |- [33, 34]
      |- [35, 37, 38]
      |- [40, 42]
      `- [45, 46, 47, 49]
Insert 19
`- [13, 22, 33]
   |- [4, 9]
   |  |- [0, 2]
   |  |- [4, 5, 6, 7]
   |  `- [9, 10, 11]
   |- [16, 18]
   |  |- [13, 14]
   |  |- [16, 17]
   |  `- [18, 19, 20]
   |- [26, 30]
   |  |- [22, 24]
   |  |- [26, 28, 29]
   |  `- [30, 32]
   `- [35, 40, 45]
      |- [33, 34]
      |- [35, 37, 38]
      |- [40, 42]
      `- [45, 46, 47, 49]
Insert 21
`- [13, 22, 33]
   |- [4, 9]
   |  |- [0, 2]
   |  |- [4, 5, 6, 7]
   |  `- [9, 10, 11]
   |- [16, 18]
   |  |- [13, 14]
   |  |- [16, 17]
   |  `- [18, 19, 20, 21]
   |- [26, 30]
   |  |- [22, 24]
   |  |- [26, 28, 29]
   |  `- [30, 32]
   `- [35, 40, 45]
      |- [33, 34]
      |- [35, 37, 38]
      |- [40, 42]
      `- [45, 46, 47, 49]
Insert 41
`- [13, 22, 33]
   |- [4, 9]
   |  |- [0, 2]
   |  |- [4, 5, 6, 7]
   |  `- [9, 10, 11]
   |- [16, 18]
   |  |- [13, 14]
   |  |- [16, 17]
   |  `- [18, 19, 20, 21]
   |- [26, 30]
   |  |- [22, 24]
   |  |- [26, 28, 29]
   |  `- [30, 32]
   `- [35, 40, 45]
      |- [33, 34]
      |- [35, 37, 38]
      |- [40, 41, 42]
      `- [45, 46, 47, 49]
Insert 1
`- [13, 22, 33]
   |- [4, 9]
   |  |- [0, 1, 2]
   |  |- [4, 5, 6, 7]
   |  `- [9, 10, 11]
   |- [16, 18]
   |  |- [13, 14]
   |  |- [16, 17]
   |  `- [18, 19, 20, 21]
   |- [26, 30]
   |  |- [22, 24]
   |  |- [26, 28, 29]
   |  `- [30, 32]
   `- [35, 40, 45]
      |- [33, 34]
      |- [35, 37, 38]
      |- [40, 41, 42]
      `- [45, 46, 47, 49]
Insert 3
`- [13, 22, 33]
   |- [4, 9]
   |  |- [0, 1, 2, 3]
   |  |- [4, 5, 6, 7]
   |  `- [9, 10, 11]
   |- [16, 18]
   |  |- [13, 14]
   |  |- [16, 17]
   |  `- [18, 19, 20, 21]
   |- [26, 30]
   |  |- [22, 24]
   |  |- [26, 28, 29]
   |  `- [30, 32]
   `- [35, 40, 45]
      |- [33, 34]
      |- [35, 37, 38]
      |- [40, 41, 42]
      `- [45, 46, 47, 49]
Insert 27
`- [13, 22, 33]
   |- [4, 9]
   |  |- [0, 1, 2, 3]
   |  |- [4, 5, 6, 7]
   |  `- [9, 10, 11]
   |- [16, 18]
   |  |- [13, 14]
   |  |- [16, 17]
   |  `- [18, 19, 20, 21]
   |- [26, 30]
   |  |- [22, 24]
   |  |- [26, 27, 28, 29]
   |  `- [30, 32]
   `- [35, 40, 45]
      |- [33, 34]
      |- [35, 37, 38]
      |- [40, 41, 42]
      `- [45, 46, 47, 49]
Insert 31
`- [13, 22, 33]
   |- [4, 9]
   |  |- [0, 1, 2, 3]
   |  |- [4, 5, 6, 7]
   |  `- [9, 10, 11]
   |- [16, 18]
   |  |- [13, 14]
   |  |- [16, 17]
   |  `- [18, 19, 20, 21]
   |- [26, 30]
   |  |- [22, 24]
   |  |- [26, 27, 28, 29]
   |  `- [30, 31, 32]
   `- [35, 40, 45]
      |- [33, 34]
      |- [35, 37, 38]
      |- [40, 41, 42]
      `- [45, 46, 47, 49]
Insert 36
`- [13, 22, 33]
   |- [4, 9]
   |  |- [0, 1, 2, 3]
   |  |- [4, 5, 6, 7]
   |  `- [9, 10, 11]
   |- [16, 18]
   |  |- [13, 14]
   |  |- [16, 17]
   |  `- [18, 19, 20, 21]
   |- [26, 30]
   |  |- [22, 24]
   |  |- [26, 27, 28, 29]
   |  `- [30, 31, 32]
   `- [35, 40, 45]
      |- [33, 34]
      |- [35, 36, 37, 38]
      |- [40, 41, 42]
      `- [45, 46, 47, 49]
Insert 43
`- [13, 22, 33]
   |- [4, 9]
   |  |- [0, 1, 2, 3]
   |  |- [4, 5, 6, 7]
   |  `- [9, 10, 11]
   |- [16, 18]
   |  |- [13, 14]
   |  |- [16, 17]
   |  `- [18, 19, 20, 21]
   |- [26, 30]
   |  |- [22, 24]
   |  |- [26, 27, 28, 29]
   |  `- [30, 31, 32]
   `- [35, 40, 45]
      |- [33, 34]
      |- [35, 36, 37, 38]
      |- [40, 41, 42, 43]
      `- [45, 46, 47, 49]
Insert 23
`- [13, 22, 33]
   |- [4, 9]
   |  |- [0, 1, 2, 3]
   |  |- [4, 5, 6, 7]
   |  `- [9, 10, 11]
   |- [16, 18]
   |  |- [13, 14]
   |  |- [16, 17]
   |  `- [18, 19, 20, 21]
   |- [26, 30]
   |  |- [22, 23, 24]
   |  |- [26, 27, 28, 29]
   |  `- [30, 31, 32]
   `- [35, 40, 45]
      |- [33, 34]
      |- [35, 36, 37, 38]
      |- [40, 41, 42, 43]
      `- [45, 46, 47, 49]
Insert 44
`- [13, 22, 33]
   |- [4, 9]
   |  |- [0, 1, 2, 3]
   |  |- [4, 5, 6, 7]
   |  `- [9, 10, 11]
   |- [16, 18]
   |  |- [13, 14]
   |  |- [16, 17]
   |  `- [18, 19, 20, 21]
   |- [26, 30]
   |  |- [22, 23, 24]
   |  |- [26, 27, 28, 29]
   |  `- [30, 31, 32]
   `- [35, 40, 42, 45]
      |- [33, 34]
      |- [35, 36, 37, 38]
      |- [40, 41]
      |- [42, 43, 44]
      `- [45, 46, 47, 49]
Insert 8
`- [13, 22, 33]
   |- [4, 6, 9]
   |  |- [0, 1, 2, 3]
   |  |- [4, 5]
   |  |- [6, 7, 8]
   |  `- [9, 10, 11]
   |- [16, 18]
   |  |- [13, 14]
   |  |- [16, 17]
   |  `- [18, 19, 20, 21]
   |- [26, 30]
   |  |- [22, 23, 24]
   |  |- [26, 27, 28, 29]
   |  `- [30, 31, 32]
   `- [35, 40, 42, 45]
      |- [33, 34]
      |- [35, 36, 37, 38]
      |- [40, 41]
      |- [42, 43, 44]
      `- [45, 46, 47, 49]
Insert 39
`- [13, 22, 33, 40]
   |- [4, 6, 9]
   |  |- [0, 1, 2, 3]
   |  |- [4, 5]
   |  |- [6, 7, 8]
   |  `- [9, 10, 11]
   |- [16, 18]
   |  |- [13, 14]
   |  |- [16, 17]
   |  `- [18, 19, 20, 21]
   |- [26, 30]
   |  |- [22, 23, 24]
   |  |- [26, 27, 28, 29]
   |  `- [30, 31, 32]
   |- [35, 37]
   |  |- [33, 34]
   |  |- [35, 36]
   |  `- [37, 38, 39]
   `- [42, 45]
      |- [40, 41]
      |- [42, 43, 44]
      `- [45, 46, 47, 49]
Insert 48
`- [13, 22, 33, 40]
   |- [4, 6, 9]
   |  |- [0, 1, 2, 3]
   |  |- [4, 5]
   |  |- [6, 7, 8]
   |  `- [9, 10, 11]
   |- [16, 18]
   |  |- [13, 14]
   |  |- [16, 17]
   |  `- [18, 19, 20, 21]
   |- [26, 30]
   |  |- [22, 23, 24]
   |  |- [26, 27, 28, 29]
   |  `- [30, 31, 32]
   |- [35, 37]
   |  |- [33, 34]
   |  |- [35, 36]
   |  `- [37, 38, 39]
   `- [42, 45, 47]
      |- [40, 41]
      |- [42, 43, 44]
      |- [45, 46]
      `- [47, 48, 49]
Insert 15
`- [13, 22, 33, 40]
   |- [4, 6, 9]
   |  |- [0, 1, 2, 3]
   |  |- [4, 5]
   |  |- [6, 7, 8]
   |  `- [9, 10, 11]
   |- [16, 18]
   |  |- [13, 14, 15]
   |  |- [16, 17]
   |  `- [18, 19, 20, 21]
   |- [26, 30]
   |  |- [22, 23, 24]
   |  |- [26, 27, 28, 29]
   |  `- [30, 31, 32]
   |- [35, 37]
   |  |- [33, 34]
   |  |- [35, 36]
   |  `- [37, 38, 39]
   `- [42, 45, 47]
      |- [40, 41]
      |- [42, 43, 44]
      |- [45, 46]
      `- [47, 48, 49]
Insert 12
`- [13, 22, 33, 40]
   |- [4, 6, 9]
   |  |- [0, 1, 2, 3]
   |  |- [4, 5]
   |  |- [6, 7, 8]
   |  `- [9, 10, 11, 12]
   |- [16, 18]
   |  |- [13, 14, 15]
   |  |- [16, 17]
   |  `- [18, 19, 20, 21]
   |- [26, 30]
   |  |- [22, 23, 24]
   |  |- [26, 27, 28, 29]
   |  `- [30, 31, 32]
   |- [35, 37]
   |  |- [33, 34]
   |  |- [35, 36]
   |  `- [37, 38, 39]
   `- [42, 45, 47]
      |- [40, 41]
      |- [42, 43, 44]
      |- [45, 46]
      `- [47, 48, 49]
Insert 25
`- [13, 22, 33, 40]
   |- [4, 6, 9]
   |  |- [0, 1, 2, 3]
   |  |- [4, 5]
   |  |- [6, 7, 8]
   |  `- [9, 10, 11, 12]
   |- [16, 18]
   |  |- [13, 14, 15]
   |  |- [16, 17]
   |  `- [18, 19, 20, 21]
   |- [26, 30]
   |  |- [22, 23, 24, 25]
   |  |- [26, 27, 28, 29]
   |  `- [30, 31, 32]
   |- [35, 37]
   |  |- [33, 34]
   |  |- [35, 36]
   |  `- [37, 38, 39]
   `- [42, 45, 47]
      |- [40, 41]
      |- [42, 43, 44]
      |- [45, 46]
      `- [47, 48, 49]
Delete 33
`- [13, 22, 33, 42]
   |- [4, 6, 9]
   |  |- [0, 1, 2, 3]
   |  |- [4, 5]
   |  |- [6, 7, 8]
   |  `- [9, 10, 11, 12]
   |- [16, 18]
   |  |- [13, 14, 15]
   |  |- [16, 17]
   |  `- [18, 19, 20, 21]
   |- [26, 30]
   |  |- [22, 23, 24, 25]
   |  |- [26, 27, 28, 29]
   |  `- [30, 31, 32]
   |- [37, 40]
   |  |- [34, 35, 36]
   |  |- [37, 38, 39]
   |  `- [40, 41]
   `- [45, 47]
      |- [42, 43, 44]
      |- [45, 46]
      `- [47, 48, 49]
Delete 22
`- [13, 22, 33, 42]
   |- [4, 6, 9]
   |  |- [0, 1, 2, 3]
   |  |- [4, 5]
   |  |- [6, 7, 8]
   |  `- [9, 10, 11, 12]
   |- [16, 18]
   |  |- [13, 14, 15]
   |  |- [16, 17]
   |  `- [18, 19, 20, 21]
   |- [26, 30]
   |  |- [23, 24, 25]
   |  |- [26, 27, 28, 29]
   |  `- [30, 31, 32]
   |- [37, 40]
   |  |- [34, 35, 36]
   |  |- [37, 38, 39]
   |  `- [40, 41]
   `- [45, 47]
      |- [42, 43, 44]
      |- [45, 46]
      `- [47, 48, 49]
Delete 17
`- [13, 22, 33, 42]
   |- [4, 6, 9]
   |  |- [0, 1, 2, 3]
   |  |- [4, 5]
   |  |- [6, 7, 8]
   |  `- [9, 10, 11, 12]
   |- [16, 19]
   |  |- [13, 14, 15]
   |  |- [16, 18]
   |  `- [19, 20, 21]
   |- [26, 30]
   |  |- [23, 24, 25]
   |  |- [26, 27, 28, 29]
   |  `- [30, 31, 32]
   |- [37, 40]
   |  |- [34, 35, 36]
   |  |- [37, 38, 39]
   |  `- [40, 41]
   `- [45, 47]
      |- [42, 43, 44]
      |- [45, 46]
      `- [47, 48, 49]
Delete 34
`- [13, 22, 33, 42]
   |- [4, 6, 9]
   |  |- [0, 1, 2, 3]
   |  |- [4, 5]
   |  |- [6, 7, 8]
   |  `- [9, 10, 11, 12]
   |- [16, 19]
   |  |- [13, 14, 15]
   |  |- [16, 18]
   |  `- [19, 20, 21]
   |- [26, 30]
   |  |- [23, 24, 25]
   |  |- [26, 27, 28, 29]
   |  `- [30, 31, 32]
   |- [37, 40]
   |  |- [35, 36]
   |  |- [37, 38, 39]
   |  `- [40, 41]
   `- [45, 47]
      |- [42, 43, 44]
      |- [45, 46]
      `- [47, 48, 49]
Delete 5
`- [13, 22, 33, 42]
   |- [4, 9]
   |  |- [0, 1, 2, 3]
   |  |- [4, 6, 7, 8]
   |  `- [9, 10, 11, 12]
   |- [16, 19]
   |  |- [13, 14, 15]
   |  |- [16, 18]
   |  `- [19, 20, 21]
   |- [26, 30]
   |  |- [23, 24, 25]
   |  |- [26, 27, 28, 29]
   |  `- [30, 31, 32]
   |- [37, 40]
   |  |- [35, 36]
   |  |- [37, 38, 39]
   |  `- [40, 41]
   `- [45, 47]
      |- [42, 43, 44]
      |- [45, 46]
      `- [47, 48, 49]
Delete 21
`- [13, 22, 33, 42]
   |- [4, 9]
   |  |- [0, 1, 2, 3]
   |  |- [4, 6, 7, 8]
   |  `- [9, 10, 11, 12]
   |- [16, 19]
   |  |- [13, 14, 15]
   |  |- [16, 18]
   |  `- [19, 20]
   |- [26, 30]
   |  |- [23, 24, 25]
   |  |- [26, 27, 28, 29]
   |  `- [30, 31, 32]
   |- [37, 40]
   |  |- [35, 36]
   |  |- [37, 38, 39]
   |  `- [40, 41]
   `- [45, 47]
      |- [42, 43, 44]
      |- [45, 46]
      `- [47, 48, 49]
Delete 49
`- [13, 22, 33, 42]
   |- [4, 9]
   |  |- [0, 1, 2, 3]
   |  |- [4, 6, 7, 8]
   |  `- [9, 10, 11, 12]
   |- [16, 19]
   |  |- [13, 14, 15]
   |  |- [16, 18]
   |  `- [19, 20]
   |- [26, 30]
   |  |- [23, 24, 25]
   |  |- [26, 27, 28, 29]
   |  `- [30, 31, 32]
   |- [37, 40]
   |  |- [35, 36]
   |  |- [37, 38, 39]
   |  `- [40, 41]
   `- [45, 47]
      |- [42, 43, 44]
      |- [45, 46]
      `- [47, 48]
Delete 30
`- [13, 22, 33, 42]
   |- [4, 9]
   |  |- [0, 1, 2, 3]
   |  |- [4, 6, 7, 8]
   |  `- [9, 10, 11, 12]
   |- [16, 19]
   |  |- [13, 14, 15]
   |  |- [16, 18]
   |  `- [19, 20]
   |- [26, 30]
   |  |- [23, 24, 25]
   |  |- [26, 27, 28, 29]
   |  `- [31, 32]
   |- [37, 40]
   |  |- [35, 36]
   |  |- [37, 38, 39]
   |  `- [40, 41]
   `- [45, 47]
      |- [42, 43, 44]
      |- [45, 46]
      `- [47, 48]
Delete 32
`- [13, 22, 33, 42]
   |- [4, 9]
   |  |- [0, 1, 2, 3]
   |  |- [4, 6, 7, 8]
   |  `- [9, 10, 11, 12]
   |- [16, 19]
   |  |- [13, 14, 15]
   |  |- [16, 18]
   |  `- [19, 20]
   |- [26, 29]
   |  |- [23, 24, 25]
   |  |- [26, 27, 28]
   |  `- [29, 31]
   |- [37, 40]
   |  |- [35, 36]
   |  |- [37, 38, 39]
   |  `- [40, 41]
   `- [45, 47]
      |- [42, 43, 44]
      |- [45, 46]
      `- [47, 48]
Delete 11
`- [13, 22, 33, 42]
   |- [4, 9]
   |  |- [0, 1, 2, 3]
   |  |- [4, 6, 7, 8]
   |  `- [9, 10, 12]
   |- [16, 19]
   |  |- [13, 14, 15]
   |  |- [16, 18]
   |  `- [19, 20]
   |- [26, 29]
   |  |- [23, 24, 25]
   |  |- [26, 27, 28]
   |  `- [29, 31]
   |- [37, 40]
   |  |- [35, 36]
   |  |- [37, 38, 39]
   |  `- [40, 41]
   `- [45, 47]
      |- [42, 43, 44]
      |- [45, 46]
      `- [47, 48]
Delete 36
`- [13, 22, 33]
   |- [4, 9]
   |  |- [0, 1, 2, 3]
   |  |- [4, 6, 7, 8]
   |  `- [9, 10, 12]
   |- [16, 19]
   |  |- [13, 14, 15]
   |  |- [16, 18]
   |  `- [19, 20]
   |- [26, 29]
   |  |- [23, 24, 25]
   |  |- [26, 27, 28]
   |  `- [29, 31]
   `- [40, 42, 45, 47]
      |- [35, 37, 38, 39]
      |- [40, 41]
      |- [42, 43, 44]
      |- [45, 46]
      `- [47, 48]
Delete 4
`- [13, 22, 33]
   |- [4, 9]
   |  |- [0, 1, 2, 3]
   |  |- [6, 7, 8]
   |  `- [9, 10, 12]
   |- [16, 19]
   |  |- [13, 14, 15]
   |  |- [16, 18]
   |  `- [19, 20]
   |- [26, 29]
   |  |- [23, 24, 25]
   |  |- [26, 27, 28]
   |  `- [29, 31]
   `- [40, 42, 45, 47]
      |- [35, 37, 38, 39]
      |- [40, 41]
      |- [42, 43, 44]
      |- [45, 46]
      `- [47, 48]
Delete 19
`- [13, 33]
   |- [4, 9]
   |  |- [0, 1, 2, 3]
   |  |- [6, 7, 8]
   |  `- [9, 10, 12]
   |- [16, 22, 26, 29]
   |  |- [13, 14, 15]
   |  |- [16, 18, 20]
   |  |- [23, 24, 25]
   |  |- [26, 27, 28]
   |  `- [29, 31]
   `- [40, 42, 45, 47]
      |- [35, 37, 38, 39]
      |- [40, 41]
      |- [42, 43, 44]
      |- [45, 46]
      `- [47, 48]
Delete 18
`- [13, 33]
   |- [4, 9]
   |  |- [0, 1, 2, 3]
   |  |- [6, 7, 8]
   |  `- [9, 10, 12]
   |- [16, 22, 26, 29]
   |  |- [13, 14, 15]
   |  |- [16, 20]
   |  |- [23, 24, 25]
   |  |- [26, 27, 28]
   |  `- [29, 31]
   `- [40, 42, 45, 47]
      |- [35, 37, 38, 39]
      |- [40, 41]
      |- [42, 43, 44]
      |- [45, 46]
      `- [47, 48]
Delete 0
`- [13, 33]
   |- [4, 9]
   |  |- [1, 2, 3]
   |  |- [6, 7, 8]
   |  `- [9, 10, 12]
   |- [16, 22, 26, 29]
   |  |- [13, 14, 15]
   |  |- [16, 20]
   |  |- [23, 24, 25]
   |  |- [26, 27, 28]
   |  `- [29, 31]
   `- [40, 42, 45, 47]
      |- [35, 37, 38, 39]
      |- [40, 41]
      |- [42, 43, 44]
      |- [45, 46]
      `- [47, 48]
Delete 9
`- [13, 33]
   |- [4, 9]
   |  |- [1, 2, 3]
   |  |- [6, 7, 8]
   |  `- [10, 12]
   |- [16, 22, 26, 29]
   |  |- [13, 14, 15]
   |  |- [16, 20]
   |  |- [23, 24, 25]
   |  |- [26, 27, 28]
   |  `- [29, 31]
   `- [40, 42, 45, 47]
      |- [35, 37, 38, 39]
      |- [40, 41]
      |- [42, 43, 44]
      |- [45, 46]
      `- [47, 48]
Delete 8
`- [13, 33]
   |- [4, 9]
   |  |- [1, 2, 3]
   |  |- [6, 7]
   |  `- [10, 12]
   |- [16, 22, 26, 29]
   |  |- [13, 14, 15]
   |  |- [16, 20]
   |  |- [23, 24, 25]
   |  |- [26, 27, 28]
   |  `- [29, 31]
   `- [40, 42, 45, 47]
      |- [35, 37, 38, 39]
      |- [40, 41]
      |- [42, 43, 44]
      |- [45, 46]
      `- [47, 48]
Delete 15
`- [13, 33]
   |- [4, 9]
   |  |- [1, 2, 3]
   |  |- [6, 7]
   |  `- [10, 12]
   |- [16, 22, 26, 29]
   |  |- [13, 14]
   |  |- [16, 20]
   |  |- [23, 24, 25]
   |  |- [26, 27, 28]
   |  `- [29, 31]
   `- [40, 42, 45, 47]
      |- [35, 37, 38, 39]
      |- [40, 41]
      |- [42, 43, 44]
      |- [45, 46]
      `- [47, 48]
Delete 38
`- [13, 33]
   |- [4, 9]
   |  |- [1, 2, 3]
   |  |- [6, 7]
   |  `- [10, 12]
   |- [16, 22, 26, 29]
   |  |- [13, 14]
   |  |- [16, 20]
   |  |- [23, 24, 25]
   |  |- [26, 27, 28]
   |  `- [29, 31]
   `- [40, 42, 45, 47]
      |- [35, 37, 39]
      |- [40, 41]
      |- [42, 43, 44]
      |- [45, 46]
      `- [47, 48]
Delete 1
`- [13, 33]
   |- [4, 9]
   |  |- [2, 3]
   |  |- [6, 7]
   |  `- [10, 12]
   |- [16, 22, 26, 29]
   |  |- [13, 14]
   |  |- [16, 20]
   |  |- [23, 24, 25]
   |  |- [26, 27, 28]
   |  `- [29, 31]
   `- [40, 42, 45, 47]
      |- [35, 37, 39]
      |- [40, 41]
      |- [42, 43, 44]
      |- [45, 46]
      `- [47, 48]
Delete 10
`- [16, 33]
   |- [4, 13]
   |  |- [2, 3]
   |  |- [6, 7, 12]
   |  `- [13, 14]
   |- [22, 26, 29]
   |  |- [16, 20]
   |  |- [23, 24, 25]
   |  |- [26, 27, 28]
   |  `- [29, 31]
   `- [40, 42, 45, 47]
      |- [35, 37, 39]
      |- [40, 41]
      |- [42, 43, 44]
      |- [45, 46]
      `- [47, 48]
Delete 41
`- [16, 33]
   |- [4, 13]
   |  |- [2, 3]
   |  |- [6, 7, 12]
   |  `- [13, 14]
   |- [22, 26, 29]
   |  |- [16, 20]
   |  |- [23, 24, 25]
   |  |- [26, 27, 28]
   |  `- [29, 31]
   `- [40, 45, 47]
      |- [35, 37, 39]
      |- [40, 42, 43, 44]
      |- [45, 46]
      `- [47, 48]
Delete 35
`- [16, 33]
   |- [4, 13]
   |  |- [2, 3]
   |  |- [6, 7, 12]
   |  `- [13, 14]
   |- [22, 26, 29]
   |  |- [16, 20]
   |  |- [23, 24, 25]
   |  |- [26, 27, 28]
   |  `- [29, 31]
   `- [40, 45, 47]
      |- [37, 39]
      |- [40, 42, 43, 44]
      |- [45, 46]
      `- [47, 48]
Delete 40
`- [16, 33]
   |- [4, 13]
   |  |- [2, 3]
   |  |- [6, 7, 12]
   |  `- [13, 14]
   |- [22, 26, 29]
   |  |- [16, 20]
   |  |- [23, 24, 25]
   |  |- [26, 27, 28]
   |  `- [29, 31]
   `- [40, 45, 47]
      |- [37, 39]
      |- [42, 43, 44]
      |- [45, 46]
      `- [47, 48]
Delete 13
`- [22, 33]
   |- [4, 16]
   |  |- [2, 3]
   |  |- [6, 7, 12, 14]
   |  `- [16, 20]
   |- [26, 29]
   |  |- [23, 24, 25]
   |  |- [26, 27, 28]
   |  `- [29, 31]
   `- [40, 45, 47]
      |- [37, 39]
      |- [42, 43, 44]
      |- [45, 46]
      `- [47, 48]
Delete 27
`- [22, 33]
   |- [4, 16]
   |  |- [2, 3]
   |  |- [6, 7, 12, 14]
   |  `- [16, 20]
   |- [26, 29]
   |  |- [23, 24, 25]
   |  |- [26, 28]
   |  `- [29, 31]
   `- [40, 45, 47]
      |- [37, 39]
      |- [42, 43, 44]
      |- [45, 46]
      `- [47, 48]
Delete 28
`- [22, 40]
   |- [4, 16]
   |  |- [2, 3]
   |  |- [6, 7, 12, 14]
   |  `- [16, 20]
   |- [26, 33]
   |  |- [23, 24, 25]
   |  |- [26, 29, 31]
   |  `- [37, 39]
   `- [45, 47]
      |- [42, 43, 44]
      |- [45, 46]
      `- [47, 48]
Delete 45
`- [22]
   |- [4, 16]
   |  |- [2, 3]
   |  |- [6, 7, 12, 14]
   |  `- [16, 20]
   `- [26, 33, 40, 45]
      |- [23, 24, 25]
      |- [26, 29, 31]
      |- [37, 39]
      |- [42, 43, 44]
      `- [46, 47, 48]
Delete 6
`- [22]
   |- [4, 16]
   |  |- [2, 3]
   |  |- [7, 12, 14]
   |  `- [16, 20]
   `- [26, 33, 40, 45]
      |- [23, 24, 25]
      |- [26, 29, 31]
      |- [37, 39]
      |- [42, 43, 44]
      `- [46, 47, 48]
Delete 39
`- [22]
   |- [4, 16]
   |  |- [2, 3]
   |  |- [7, 12, 14]
   |  `- [16, 20]
   `- [26, 33, 45]
      |- [23, 24, 25]
      |- [26, 29, 31]
      |- [37, 42, 43, 44]
      `- [46, 47, 48]
Delete 7
`- [22]
   |- [4, 16]
   |  |- [2, 3]
   |  |- [12, 14]
   |  `- [16, 20]
   `- [26, 33, 45]
      |- [23, 24, 25]
      |- [26, 29, 31]
      |- [37, 42, 43, 44]
      `- [46, 47, 48]
Delete 48
`- [22]
   |- [4, 16]
   |  |- [2, 3]
   |  |- [12, 14]
   |  `- [16, 20]
   `- [26, 33, 45]
      |- [23, 24, 25]
      |- [26, 29, 31]
      |- [37, 42, 43, 44]
      `- [46, 47]
Delete 43
`- [22]
   |- [4, 16]
   |  |- [2, 3]
   |  |- [12, 14]
   |  `- [16, 20]
   `- [26, 33, 45]
      |- [23, 24, 25]
      |- [26, 29, 31]
      |- [37, 42, 44]
      `- [46, 47]
Delete 46
`- [22]
   |- [4, 16]
   |  |- [2, 3]
   |  |- [12, 14]
   |  `- [16, 20]
   `- [26, 33]
      |- [23, 24, 25]
      |- [26, 29, 31]
      `- [37, 42, 44, 47]
Delete 24
`- [22]
   |- [4, 16]
   |  |- [2, 3]
   |  |- [12, 14]
   |  `- [16, 20]
   `- [26, 33]
      |- [23, 25]
      |- [26, 29, 31]
      `- [37, 42, 44, 47]
Delete 26
`- [22]
   |- [4, 16]
   |  |- [2, 3]
   |  |- [12, 14]
   |  `- [16, 20]
   `- [26, 33]
      |- [23, 25]
      |- [29, 31]
      `- [37, 42, 44, 47]
Delete 12
`- [4, 22, 26, 33]
   |- [2, 3]
   |- [14, 16, 20]
   |- [23, 25]
   |- [29, 31]
   `- [37, 42, 44, 47]
Delete 20
`- [4, 22, 26, 33]
   |- [2, 3]
   |- [14, 16]
   |- [23, 25]
   |- [29, 31]
   `- [37, 42, 44, 47]
Delete 42
`- [4, 22, 26, 33]
   |- [2, 3]
   |- [14, 16]
   |- [23, 25]
   |- [29, 31]
   `- [37, 44, 47]
Delete 23
`- [4, 22, 33]
   |- [2, 3]
   |- [14, 16]
   |- [25, 29, 31]
   `- [37, 44, 47]
Delete 14
`- [4, 33]
   |- [2, 3]
   |- [16, 25, 29, 31]
   `- [37, 44, 47]
Delete 47
`- [4, 33]
   |- [2, 3]
   |- [16, 25, 29, 31]
   `- [37, 44]
Delete 3
`- [25, 33]
   |- [2, 16]
   |- [25, 29, 31]
   `- [37, 44]
Delete 37
`- [25]
   |- [2, 16]
   `- [25, 29, 31, 44]
Delete 29
`- [25]
   |- [2, 16]
   `- [25, 31, 44]
Delete 2
`- [16, 25, 31, 44]
Delete 31
`- [16, 25, 44]
Delete 16
`- [25, 44]
Delete 25
`- [44]