Insert 19
`- [19]
Insert 8
`- [8, 19]
Insert 11
`- [8, 11, 19]
Insert 18
`- [8, 11, 18, 19]
Insert 0
`- [11]
   |- [0, 8]
   `- [11, 18, 19]
Insert 2
`- [11]
   |- [0, 2, 8]
   `- [11, 18, 19]
Insert 4
`- [11]
   |- [0, 2, 4, 8]
   `- [11, 18, 19]
Insert 1
`- [2, 11]
   |- [0, 1]
   |- [2, 4, 8]
   `- [11, 18, 19]
Insert 15
`- [2, 11]
   |- [0, 1]
   |- [2, 4, 8]
   `- [11, 15, 18, 19]
Insert 12
`- [2, 11, 15]
   |- [0, 1]
   |- [2, 4, 8]
   |- [11, 12]
   `- [15, 18, 19]
Insert 17
`- [2, 11, 15]
   |- [0, 1]
   |- [2, 4, 8]
   |- [11, 12]
   `- [15, 17, 18, 19]
Insert 5
`- [2, 11, 15]
   |- [0, 1]
   |- [2, 4, 5, 8]
   |- [11, 12]
   `- [15, 17, 18, 19]
Insert 14
`- [2, 11, 15]
   |- [0, 1]
   |- [2, 4, 5, 8]
   |- [11, 12, 14]
   `- [15, 17, 18, 19]
Insert 3
`- [2, 4, 11, 15]
   |- [0, 1]
   |- [2, 3]
   |- [4, 5, 8]
   |- [11, 12, 14]
   `- [15, 17, 18, 19]
Insert 13
`- [2, 4, 11, 15]
   |- [0, 1]
   |- [2, 3]
   |- [4, 5, 8]
   |- [11, 12, 13, 14]
   `- [15, 17, 18, 19]
Insert 6
`- [2, 4, 11, 15]
   |- [0, 1]
   |- [2, 3]
   |- [4, 5, 6, 8]
   |- [11, 12, 13, 14]
   `- [15, 17, 18, 19]
Insert 10
`- [6]
   |- [2, 4]
   |  |- [0, 1]
   |  |- [2, 3]
   |  `- [4, 5]
   `- [11, 15]
      |- [6, 8, 10]
      |- [11, 12, 13, 14]
      `- [15, 17, 18, 19]
Insert 7
`- [6]
   |- [2, 4]
   |  |- [0, 1]
   |  |- [2, 3]
   |  `- [4, 5]
   `- [11, 15]
      |- [6, 7, 8, 10]
      |- [11, 12, 13, 14]
      `- [15, 17, 18, 19]
Insert 16
`- [6]
   |- [2, 4]
   |  |- [0, 1]
   |  |- [2, 3]
   |  `- [4, 5]
   `- [11, 15, 17]
      |- [6, 7, 8, 10]
      |- [11, 12, 13, 14]
      |- [15, 16]
      `- [17, 18, 19]
Insert 9
`- [6]
   |- [2, 4]
   |  |- [0, 1]
   |  |- [2, 3]
   |  `- [4, 5]
   `- [8, 11, 15, 17]
      |- [6, 7]
      |- [8, 9, 10]
      |- [11, 12, 13, 14]
      |- [15, 16]
      `- [17, 18, 19]