Insert 25
`- [25]
Insert 35
`- [25, 35]
Insert 12
`- [12, 25, 35]
Insert 33
`- [12, 25, 33, 35]
Insert 21
`- [25]
   |- [12, 21]
   `- [25, 33, 35]
Insert 14
`- [25]
   |- [12, 14, 21]
   `- [25, 33, 35]
Insert 4
`- [25]
   |- [4, 12, 14, 21]
   `- [25, 33, 35]
Insert 16
`- [14, 25]
   |- [4, 12]
   |- [14, 16, 21]
   `- [25, 33, 35]
Insert 0
`- [14, 25]
   |- [0, 4, 12]
   |- [14, 16, 21]
   `- [25, 33, 35]
Insert 39
`- [14, 25]
   |- [0, 4, 12]
   |- [14, 16, 21]
   `- [25, 33, 35, 39]
Insert 8
`- [14, 25]
   |- [0, 4, 8, 12]
   |- [14, 16, 21]
   `- [25, 33, 35, 39]
Insert 7
`- [7, 14, 25]
   |- [0, 4]
   |- [7, 8, 12]
   |- [14, 16, 21]
   `- [25, 33, 35, 39]
Insert 18
`- [7, 14, 25]
   |- [0, 4]
   |- [7, 8, 12]
   |- [14, 16, 18, 21]
   `- [25, 33, 35, 39]
Insert 11
`- [7, 14, 25]
   |- [0, 4]
   |- [7, 8, 11, 12]
   |- [14, 16, 18, 21]
   `- [25, 33, 35, 39]
Insert 34
`- [7, 14, 25, 34]
   |- [0, 4]
   |- [7, 8, 11, 12]
   |- [14, 16, 18, 21]
   |- [25, 33]
   `- [34, 35, 39]
Insert 36
`- [7, 14, 25, 34]
   |- [0, 4]
   |- [7, 8, 11, 12]
   |- [14, 16, 18, 21]
   |- [25, 33]
   `- [34, 35, 36, 39]
Insert 31
`- [7, 14, 25, 34]
   |- [0, 4]
   |- [7, 8, 11, 12]
   |- [14, 16, 18, 21]
   |- [25, 31, 33]
   `- [34, 35, 36, 39]
Insert 30
`- [7, 14, 25, 34]
   |- [0, 4]
   |- [7, 8, 11, 12]
   |- [14, 16, 18, 21]
   |- [25, 30, 31, 33]
   `- [34, 35, 36, 39]
Insert 27
`- [25]
   |- [7, 14]
   |  |- [0, 4]
   |  |- [7, 8, 11, 12]
   |  `- [14, 16, 18, 21]
   `- [30, 34]
      |- [25, 27]
      |- [30, 31, 33]
      `- [34, 35, 36, 39]
Insert 23
`- [25]
   |- [7, 14, 18]
   |  |- [0, 4]
   |  |- [7, 8, 11, 12]
   |  |- [14, 16]
   |  `- [18, 21, 23]
   `- [30, 34]
      |- [25, 27]
      |- [30, 31, 33]
      `- [34, 35, 36, 39]
Insert 6
`- [25]
   |- [7, 14, 18]
   |  |- [0, 4, 6]
   |  |- [7, 8, 11, 12]
   |  |- [14, 16]
   |  `- [18, 21, 23]
   `- [30, 34]
      |- [25, 27]
      |- [30, 31, 33]
      `- [34, 35, 36, 39]
Insert 10
`- [25]
   |- [7, 10, 14, 18]
   |  |- [0, 4, 6]
   |  |- [7, 8]
   |  |- [10, 11, 12]
   |  |- [14, 16]
   |  `- [18, 21, 23]
   `- [30, 34]
      |- [25, 27]
      |- [30, 31, 33]
      `- [34, 35, 36, 39]
Insert 28
`- [25]
   |- [7, 10, 14, 18]
   |  |- [0, 4, 6]
   |  |- [7, 8]
   |  |- [10, 11, 12]
   |  |- [14, 16]
   |  `- [18, 21, 23]
   `- [30, 34]
      |- [25, 27, 28]
      |- [30, 31, 33]
      `- [34, 35, 36, 39]
Insert 32
`- [25]
   |- [7, 10, 14, 18]
   |  |- [0, 4, 6]
   |  |- [7, 8]
   |  |- [10, 11, 12]
   |  |- [14, 16]
   |  `- [18, 21, 23]
   `- [30, 34]
      |- [25, 27, 28]
      |- [30, 31, 32, 33]
      `- [34, 35, 36, 39]
Insert 29
`- [25]
   |- [7, 10, 14, 18]
   |  |- [0, 4, 6]
   |  |- [7, 8]
   |  |- [10, 11, 12]
   |  |- [14, 16]
   |  `- [18, 21, 23]
   `- [30, 34]
      |- [25, 27, 28, 29]
      |- [30, 31, 32, 33]
      `- [34, 35, 36, 39]
Insert 5
`- [25]
   |- [7, 10, 14, 18]
   |  |- [0, 4, 5, 6]
   |  |- [7, 8]
   |  |- [10, 11, 12]
   |  |- [14, 16]
   |  `- [18, 21, 23]
   `- [30, 34]
      |- [25, 27, 28, 29]
      |- [30, 31, 32, 33]
      `- [34, 35, 36, 39]
Insert 9
`- [25]
   |- [7, 10, 14, 18]
   |  |- [0, 4, 5, 6]
   |  |- [7, 8, 9]
   |  |- [10, 11, 12]
   |  |- [14, 16]
   |  `- [18, 21, 23]
   `- [30, 34]
      |- [25, 27, 28, 29]
      |- [30, 31, 32, 33]
      `- [34, 35, 36, 39]
Insert 24
`- [25]
   |- [7, 10, 14, 18]
   |  |- [0, 4, 5, 6]
   |  |- [7, 8, 9]
   |  |- [10, 11, 12]
   |  |- [14, 16]
   |  `- [18, 21, 23, 24]
   `- [30, 34]
      |- [25, 27, 28, 29]
      |- [30, 31, 32, 33]
      `- [34, 35, 36, 39]
Insert 26
`- [25]
   |- [7, 10, 14, 18]
   |  |- [0, 4, 5, 6]
   |  |- [7, 8, 9]
   |  |- [10, 11, 12]
   |  |- [14, 16]
   |  `- [18, 21, 23, 24]
   `- [27, 30, 34]
      |- [25, 26]
      |- [27, 28, 29]
      |- [30, 31, 32, 33]
      `- [34, 35, 36, 39]
Insert 3
`- [10, 25]
   |- [4, 7]
   |  |- [0, 3]
   |  |- [4, 5, 6]
   |  `- [7, 8, 9]
   |- [14, 18]
   |  |- [10, 11, 12]
   |  |- [14, 16]
   |  `- [18, 21, 23, 24]
   `- [27, 30, 34]
      |- [25, 26]
      |- [27, 28, 29]
      |- [30, 31, 32, 33]
      `- [34, 35, 36, 39]
Insert 15
`- [10, 25]
   |- [4, 7]
   |  |- [0, 3]
   |  |- [4, 5, 6]
   |  `- [7, 8, 9]
   |- [14, 18]
   |  |- [10, 11, 12]
   |  |- [14, 15, 16]
   |  `- [18, 21, 23, 24]
   `- [27, 30, 34]
      |- [25, 26]
      |- [27, 28, 29]
      |- [30, 31, 32, 33]
      `- [34, 35, 36, 39]
Insert 1
`- [10, 25]
   |- [4, 7]
   |  |- [0, 1, 3]
   |  |- [4, 5, 6]
   |  `- [7, 8, 9]
   |- [14, 18]
   |  |- [10, 11, 12]
   |  |- [14, 15, 16]
   |  `- [18, 21, 23, 24]
   `- [27, 30, 34]
      |- [25, 26]
      |- [27, 28, 29]
      |- [30, 31, 32, 33]
      `- [34, 35, 36, 39]
Insert 13
`- [10, 25]
   |- [4, 7]
   |  |- [0, 1, 3]
   |  |- [4, 5, 6]
   |  `- [7, 8, 9]
   |- [14, 18]
   |  |- [10, 11, 12, 13]
   |  |- [14, 15, 16]
   |  `- [18, 21, 23, 24]
   `- [27, 30, 34]
      |- [25, 26]
      |- [27, 28, 29]
      |- [30, 31, 32, 33]
      `- [34, 35, 36, 39]
Insert 22
`- [10, 25]
   |- [4, 7]
   |  |- [0, 1, 3]
   |  |- [4, 5, 6]
   |  `- [7, 8, 9]
   |- [14, 18, 22]
   |  |- [10, 11, 12, 13]
   |  |- [14, 15, 16]
   |  |- [18, 21]
   |  `- [22, 23, 24]
   `- [27, 30, 34]
      |- [25, 26]
      |- [27, 28, 29]
      |- [30, 31, 32, 33]
      `- [34, 35, 36, 39]
Insert 2
`- [10, 25]
   |- [4, 7]
   |  |- [0, 1, 2, 3]
   |  |- [4, 5, 6]
   |  `- [7, 8, 9]
   |- [14, 18, 22]
   |  |- [10, 11, 12, 13]
   |  |- [14, 15, 16]
   |  |- [18, 21]
   |  `- [22, 23, 24]
   `- [27, 30, 34]
      |- [25, 26]
      |- [27, 28, 29]
      |- [30, 31, 32, 33]
      `- [34, 35, 36, 39]
Insert 19
`- [10, 25]
   |- [4, 7]
   |  |- [0, 1, 2, 3]
   |  |- [4, 5, 6]
   |  `- [7, 8, 9]
   |- [14, 18, 22]
   |  |- [10, 11, 12, 13]
   |  |- [14, 15, 16]
   |  |- [18, 19, 21]
   |  `- [22, 23, 24]
   `- [27, 30, 34]
      |- [25, 26]
      |- [27, 28, 29]
      |- [30, 31, 32, 33]
      `- [34, 35, 36, 39]
Insert 38
`- [10, 25]
   |- [4, 7]
   |  |- [0, 1, 2, 3]
   |  |- [4, 5, 6]
   |  `- [7, 8, 9]
   |- [14, 18, 22]
   |  |- [10, 11, 12, 13]
   |  |- [14, 15, 16]
   |  |- [18, 19, 21]
   |  `- [22, 23, 24]
   `- [27, 30, 34, 36]
      |- [25, 26]
      |- [27, 28, 29]
      |- [30, 31, 32, 33]
      |- [34, 35]
      `- [36, 38, 39]
Insert 20
`- [10, 25]
   |- [4, 7]
   |  |- [0, 1, 2, 3]
   |  |- [4, 5, 6]
   |  `- [7, 8, 9]
   |- [14, 18, 22]
   |  |- [10, 11, 12, 13]
   |  |- [14, 15, 16]
   |  |- [18, 19, 20, 21]
   |  `- [22, 23, 24]
   `- [27, 30, 34, 36]
      |- [25, 26]
      |- [27, 28, 29]
      |- [30, 31, 32, 33]
      |- [34, 35]
      `- [36, 38, 39]
Insert 37
`- [10, 25]
   |- [4, 7]
   |  |- [0, 1, 2, 3]
   |  |- [4, 5, 6]
   |  `- [7, 8, 9]
   |- [14, 18, 22]
   |  |- [10, 11, 12, 13]
   |  |- [14, 15, 16]
   |  |- [18, 19, 20, 21]
   |  `- [22, 23, 24]
   `- [27, 30, 34, 36]
      |- [25, 26]
      |- [27, 28, 29]
      |- [30, 31, 32, 33]
      |- [34, 35]
      `- [36, 37, 38, 39]
Insert 17
`- [10, 25]
   |- [4, 7]
   |  |- [0, 1, 2, 3]
   |  |- [4, 5, 6]
   |  `- [7, 8, 9]
   |- [14, 18, 22]
   |  |- [10, 11, 12, 13]
   |  |- [14, 15, 16, 17]
   |  |- [18, 19, 20, 21]
   |  `- [22, 23, 24]
   `- [27, 30, 34, 36]
      |- [25, 26]
      |- [27, 28, 29]
      |- [30, 31, 32, 33]
      |- [34, 35]
      `- [36, 37, 38, 39]