Insert 33
`- [33]
Insert 25
`- [25, 33]
Insert 45
`- [25, 33, 45]
Insert 46
`- [25, 33, 45, 46]
Insert 34
`- [34]
   |- [25, 33]
   `- [34, 45, 46]
Insert 43
`- [34]
   |- [25, 33]
   `- [34, 43, 45, 46]
Insert 16
`- [34]
   |- [16, 25, 33]
   `- [34, 43, 45, 46]
Insert 47
`- [34, 45]
   |- [16, 25, 33]
   |- [34, 43]
   `- [45, 46, 47]
Insert 19
`- [34, 45]
   |- [16, 19, 25, 33]
   |- [34, 43]
   `- [45, 46, 47]
Insert 11
`- [19, 34, 45]
   |- [11, 16]
   |- [19, 25, 33]
   |- [34, 43]
   `- [45, 46, 47]
Insert 49
`- [19, 34, 45]
   |- [11, 16]
   |- [19, 25, 33]
   |- [34, 43]
   `- [45, 46, 47, 49]
Insert 37
`- [19, 34, 45]
   |- [11, 16]
   |- [19, 25, 33]
   |- [34, 37, 43]
   `- [45, 46, 47, 49]
Insert 4
`- [19, 34, 45]
   |- [4, 11, 16]
   |- [19, 25, 33]
   |- [34, 37, 43]
   `- [45, 46, 47, 49]
Insert 23
`- [19, 34, 45]
   |- [4, 11, 16]
   |- [19, 23, 25, 33]
   |- [34, 37, 43]
   `- [45, 46, 47, 49]
Insert 17
`- [19, 34, 45]
   |- [4, 11, 16, 17]
   |- [19, 23, 25, 33]
   |- [34, 37, 43]
   `- [45, 46, 47, 49]
Insert 20
`- [19, 23, 34, 45]
   |- [4, 11, 16, 17]
   |- [19, 20]
   |- [23, 25, 33]
   |- [34, 37, 43]
   `- [45, 46, 47, 49]
Insert 0
`- [23]
   |- [11, 19]
   |  |- [0, 4]
   |  |- [11, 16, 17]
   |  `- [19, 20]
   `- [34, 45]
      |- [23, 25, 33]
      |- [34, 37, 43]
      `- [45, 46, 47, 49]
Insert 29
`- [23]
   |- [11, 19]
   |  |- [0, 4]
   |  |- [11, 16, 17]
   |  `- [19, 20]
   `- [34, 45]
      |- [23, 25, 29, 33]
      |- [34, 37, 43]
      `- [45, 46, 47, 49]
Insert 48
`- [23]
   |- [11, 19]
   |  |- [0, 4]
   |  |- [11, 16, 17]
   |  `- [19, 20]
   `- [34, 45, 47]
      |- [23, 25, 29, 33]
      |- [34, 37, 43]
      |- [45, 46]
      `- [47, 48, 49]
Insert 18
`- [23]
   |- [11, 19]
   |  |- [0, 4]
   |  |- [11, 16, 17, 18]
   |  `- [19, 20]
   `- [34, 45, 47]
      |- [23, 25, 29, 33]
      |- [34, 37, 43]
      |- [45, 46]
      `- [47, 48, 49]
Insert 5
`- [23]
   |- [11, 19]
   |  |- [0, 4, 5]
   |  |- [11, 16, 17, 18]
   |  `- [19, 20]
   `- [34, 45, 47]
      |- [23, 25, 29, 33]
      |- [34, 37, 43]
      |- [45, 46]
      `- [47, 48, 49]
Insert 3
`- [23]
   |- [11, 19]
   |  |- [0, 3, 4, 5]
   |  |- [11, 16, 17, 18]
   |  `- [19, 20]
   `- [34, 45, 47]
      |- [23, 25, 29, 33]
      |- [34, 37, 43]
      |- [45, 46]
      `- [47, 48, 49]
Insert 12
`- [23]
   |- [11, 16, 19]
   |  |- [0, 3, 4, 5]
   |  |- [11, 12]
   |  |- [16, 17, 18]
   |  `- [19, 20]
   `- [34, 45, 47]
      |- [23, 25, 29, 33]
      |- [34, 37, 43]
      |- [45, 46]
      `- [47, 48, 49]
Insert 32
`- [23]
   |- [11, 16, 19]
   |  |- [0, 3, 4, 5]
   |  |- [11, 12]
   |  |- [16, 17, 18]
   |  `- [19, 20]
   `- [29, 34, 45, 47]
      |- [23, 25]
      |- [29, 32, 33]
      |- [34, 37, 43]
      |- [45, 46]
      `- [47, 48, 49]
Insert 15
`- [23]
   |- [11, 16, 19]
   |  |- [0, 3, 4, 5]
   |  |- [11, 12, 15]
   |  |- [16, 17, 18]
   |  `- [19, 20]
   `- [29, 34, 45, 47]
      |- [23, 25]
      |- [29, 32, 33]
      |- [34, 37, 43]
      |- [45, 46]
      `- [47, 48, 49]
Insert 30
`- [23]
   |- [11, 16, 19]
   |  |- [0, 3, 4, 5]
   |  |- [11, 12, 15]
   |  |- [16, 17, 18]
   |  `- [19, 20]
   `- [29, 34, 45, 47]
      |- [23, 25]
      |- [29, 30, 32, 33]
      |- [34, 37, 43]
      |- [45, 46]
      `- [47, 48, 49]
Insert 22
`- [23]
   |- [11, 16, 19]
   |  |- [0, 3, 4, 5]
   |  |- [11, 12, 15]
   |  |- [16, 17, 18]
   |  `- [19, 20, 22]
   `- [29, 34, 45, 47]
      |- [23, 25]
      |- [29, 30, 32, 33]
      |- [34, 37, 43]
      |- [45, 46]
      `- [47, 48, 49]
Insert 8
`- [23]
   |- [4, 11, 16, 19]
   |  |- [0, 3]
   |  |- [4, 5, 8]
   |  |- [11, 12, 15]
   |  |- [16, 17, 18]
   |  `- [19, 20, 22]
   `- [29, 34, 45, 47]
      |- [23, 25]
      |- [29, 30, 32, 33]
      |- [34, 37, 43]
      |- [45, 46]
      `- [47, 48, 49]
Insert 39
`- [23]
   |- [4, 11, 16, 19]
   |  |- [0, 3]
   |  |- [4, 5, 8]
   |  |- [11, 12, 15]
   |  |- [16, 17, 18]
   |  `- [19, 20, 22]
   `- [29, 34, 45, 47]
      |- [23, 25]
      |- [29, 30, 32, 33]
      |- [34, 37, 39, 43]
      |- [45, 46]
      `- [47, 48, 49]
Insert 27
`- [23]
   |- [4, 11, 16, 19]
   |  |- [0, 3]
   |  |- [4, 5, 8]
   |  |- [11, 12, 15]
   |  |- [16, 17, 18]
   |  `- [19, 20, 22]
   `- [29, 34, 45, 47]
      |- [23, 25, 27]
      |- [29, 30, 32, 33]
      |- [34, 37, 39, 43]
      |- [45, 46]
      `- [47, 48, 49]
Insert 2
`- [23]
   |- [4, 11, 16, 19]
   |  |- [0, 2, 3]
   |  |- [4, 5, 8]
   |  |- [11, 12, 15]
   |  |- [16, 17, 18]
   |  `- [19, 20, 22]
   `- [29, 34, 45, 47]
      |- [23, 25, 27]
      |- [29, 30, 32, 33]
      |- [34, 37, 39, 43]
      |- [45, 46]
      `- [47, 48, 49]
Insert 35
`- [23, 37]
   |- [4, 11, 16, 19]
   |  |- [0, 2, 3]
   |  |- [4, 5, 8]
   |  |- [11, 12, 15]
   |  |- [16, 17, 18]
   |  `- [19, 20, 22]
   |- [29, 34]
   |  |- [23, 25, 27]
   |  |- [29, 30, 32, 33]
   |  `- [34, 35]
   `- [45, 47]
      |- [37, 39, 43]
      |- [45, 46]
      `- [47, 48, 49]
Insert 13
`- [23, 37]
   |- [4, 11, 16, 19]
   |  |- [0, 2, 3]
   |  |- [4, 5, 8]
   |  |- [11, 12, 13, 15]
   |  |- [16, 17, 18]
   |  `- [19, 20, 22]
   |- [29, 34]
   |  |- [23, 25, 27]
   |  |- [29, 30, 32, 33]
   |  `- [34, 35]
   `- [45, 47]
      |- [37, 39, 43]
      |- [45, 46]
      `- [47, 48, 49]
Insert 9
`- [23, 37]
   |- [4, 11, 16, 19]
   |  |- [0, 2, 3]
   |  |- [4, 5, 8, 9]
   |  |- [11, 12, 13, 15]
   |  |- [16, 17, 18]
   |  `- [19, 20, 22]
   |- [29, 34]
   |  |- [23, 25, 27]
   |  |- [29, 30, 32, 33]
   |  `- [34, 35]
   `- [45, 47]
      |- [37, 39, 43]
      |- [45, 46]
      `- [47, 48, 49]
Insert 44
`- [23, 37]
   |- [4, 11, 16, 19]
   |  |- [0, 2, 3]
   |  |- [4, 5, 8, 9]
   |  |- [11, 12, 13, 15]
   |  |- [16, 17, 18]
   |  `- [19, 20, 22]
   |- [29, 34]
   |  |- [23, 25, 27]
   |  |- [29, 30, 32, 33]
   |  `- [34, 35]
   `- [45, 47]
      |- [37, 39, 43, 44]
      |- [45, 46]
      `- [47, 48, 49]
Insert 7
`- [11, 23, 37]
   |- [4, 7]
   |  |- [0, 2, 3]
   |  |- [4, 5]
   |  `- [7, 8, 9]
   |- [16, 19]
   |  |- [11, 12, 13, 15]
   |  |- [16, 17, 18]
   |  `- [19, 20, 22]
   |- [29, 34]
   |  |- [23, 25, 27]
   |  |- [29, 30, 32, 33]
   |  `- [34, 35]
   `- [45, 47]
      |- [37, 39, 43, 44]
      |- [45, 46]
      `- [47, 48, 49]
Insert 14
`- [11, 23, 37]
   |- [4, 7]
   |  |- [0, 2, 3]
   |  |- [4, 5]
   |  `- [7, 8, 9]
   |- [13, 16, 19]
   |  |- [11, 12]
   |  |- [13, 14, 15]
   |  |- [16, 17, 18]
   |  `- [19, 20, 22]
   |- [29, 34]
   |  |- [23, 25, 27]
   |  |- [29, 30, 32, 33]
   |  `- [34, 35]
   `- [45, 47]
      |- [37, 39, 43, 44]
      |- [45, 46]
      `- [47, 48, 49]
Insert 40
`- [11, 23, 37]
   |- [4, 7]
   |  |- [0, 2, 3]
   |  |- [4, 5]
   |  `- [7, 8, 9]
   |- [13, 16, 19]
   |  |- [11, 12]
   |  |- [13, 14, 15]
   |  |- [16, 17, 18]
   |  `- [19, 20, 22]
   |- [29, 34]
   |  |- [23, 25, 27]
   |  |- [29, 30, 32, 33]
   |  `- [34, 35]
   `- [40, 45, 47]
      |- [37, 39]
      |- [40, 43, 44]
      |- [45, 46]
      `- [47, 48, 49]
Insert 42
`- [11, 23, 37]
   |- [4, 7]
   |  |- [0, 2, 3]
   |  |- [4, 5]
   |  `- [7, 8, 9]
   |- [13, 16, 19]
   |  |- [11, 12]
   |  |- [13, 14, 15]
   |  |- [16, 17, 18]
   |  `- [19, 20, 22]
   |- [29, 34]
   |  |- [23, 25, 27]
   |  |- [29, 30, 32, 33]
   |  `- [34, 35]
   `- [40, 45, 47]
      |- [37, 39]
      |- [40, 42, 43, 44]
      |- [45, 46]
      `- [47, 48, 49]
Insert 1
`- [11, 23, 37]
   |- [4, 7]
   |  |- [0, 1, 2, 3]
   |  |- [4, 5]
   |  `- [7, 8, 9]
   |- [13, 16, 19]
   |  |- [11, 12]
   |  |- [13, 14, 15]
   |  |- [16, 17, 18]
   |  `- [19, 20, 22]
   |- [29, 34]
   |  |- [23, 25, 27]
   |  |- [29, 30, 32, 33]
   |  `- [34, 35]
   `- [40, 45, 47]
      |- [37, 39]
      |- [40, 42, 43, 44]
      |- [45, 46]
      `- [47, 48, 49]
Insert 41
`- [11, 23, 37]
   |- [4, 7]
   |  |- [0, 1, 2, 3]
   |  |- [4, 5]
   |  `- [7, 8, 9]
   |- [13, 16, 19]
   |  |- [11, 12]
   |  |- [13, 14, 15]
   |  |- [16, 17, 18]
   |  `- [19, 20, 22]
   |- [29, 34]
   |  |- [23, 25, 27]
   |  |- [29, 30, 32, 33]
   |  `- [34, 35]
   `- [40, 42, 45, 47]
      |- [37, 39]
      |- [40, 41]
      |- [42, 43, 44]
      |- [45, 46]
      `- [47, 48, 49]
Insert 36
`- [11, 23, 37]
   |- [4, 7]
   |  |- [0, 1, 2, 3]
   |  |- [4, 5]
   |  `- [7, 8, 9]
   |- [13, 16, 19]
   |  |- [11, 12]
   |  |- [13, 14, 15]
   |  |- [16, 17, 18]
   |  `- [19, 20, 22]
   |- [29, 34]
   |  |- [23, 25, 27]
   |  |- [29, 30, 32, 33]
   |  `- [34, 35, 36]
   `- [40, 42, 45, 47]
      |- [37, 39]
      |- [40, 41]
      |- [42, 43, 44]
      |- [45, 46]
      `- [47, 48, 49]
Insert 21
`- [11, 23, 37]
   |- [4, 7]
   |  |- [0, 1, 2, 3]
   |  |- [4, 5]
   |  `- [7, 8, 9]
   |- [13, 16, 19]
   |  |- [11, 12]
   |  |- [13, 14, 15]
   |  |- [16, 17, 18]
   |  `- [19, 20, 21, 22]
   |- [29, 34]
   |  |- [23, 25, 27]
   |  |- [29, 30, 32, 33]
   |  `- [34, 35, 36]
   `- [40, 42, 45, 47]
      |- [37, 39]
      |- [40, 41]
      |- [42, 43, 44]
      |- [45, 46]
      `- [47, 48, 49]
Insert 31
`- [11, 23, 37]
   |- [4, 7]
   |  |- [0, 1, 2, 3]
   |  |- [4, 5]
   |  `- [7, 8, 9]
   |- [13, 16, 19]
   |  |- [11, 12]
   |  |- [13, 14, 15]
   |  |- [16, 17, 18]
   |  `- [19, 20, 21, 22]
   |- [29, 31, 34]
   |  |- [23, 25, 27]
   |  |- [29, 30]
   |  |- [31, 32, 33]
   |  `- [34, 35, 36]
   `- [40, 42, 45, 47]
      |- [37, 39]
      |- [40, 41]
      |- [42, 43, 44]
      |- [45, 46]
      `- [47, 48, 49]
Insert 28
`- [11, 23, 37]
   |- [4, 7]
   |  |- [0, 1, 2, 3]
   |  |- [4, 5]
   |  `- [7, 8, 9]
   |- [13, 16, 19]
   |  |- [11, 12]
   |  |- [13, 14, 15]
   |  |- [16, 17, 18]
   |  `- [19, 20, 21, 22]
   |- [29, 31, 34]
   |  |- [23, 25, 27, 28]
   |  |- [29, 30]
   |  |- [31, 32, 33]
   |  `- [34, 35, 36]
   `- [40, 42, 45, 47]
      |- [37, 39]
      |- [40, 41]
      |- [42, 43, 44]
      |- [45, 46]
      `- [47, 48, 49]
Insert 6
`- [11, 23, 37]
   |- [4, 7]
   |  |- [0, 1, 2, 3]
   |  |- [4, 5, 6]
   |  `- [7, 8, 9]
   |- [13, 16, 19]
   |  |- [11, 12]
   |  |- [13, 14, 15]
   |  |- [16, 17, 18]
   |  `- [19, 20, 21, 22]
   |- [29, 31, 34]
   |  |- [23, 25, 27, 28]
   |  |- [29, 30]
   |  |- [31, 32, 33]
   |  `- [34, 35, 36]
   `- [40, 42, 45, 47]
      |- [37, 39]
      |- [40, 41]
      |- [42, 43, 44]
      |- [45, 46]
      `- [47, 48, 49]
Insert 26
`- [11, 23, 37]
   |- [4, 7]
   |  |- [0, 1, 2, 3]
   |  |- [4, 5, 6]
   |  `- [7, 8, 9]
   |- [13, 16, 19]
   |  |- [11, 12]
   |  |- [13, 14, 15]
   |  |- [16, 17, 18]
   |  `- [19, 20, 21, 22]
   |- [26, 29, 31, 34]
   |  |- [23, 25]
   |  |- [26, 27, 28]
   |  |- [29, 30]
   |  |- [31, 32, 33]
   |  `- [34, 35, 36]
   `- [40, 42, 45, 47]
      |- [37, 39]
      |- [40, 41]
      |- [42, 43, 44]
      |- [45, 46]
      `- [47, 48, 49]
Insert 10
`- [11, 23, 37]
   |- [4, 7]
   |  |- [0, 1, 2, 3]
   |  |- [4, 5, 6]
   |  `- [7, 8, 9, 10]
   |- [13, 16, 19]
   |  |- [11, 12]
   |  |- [13, 14, 15]
   |  |- [16, 17, 18]
   |  `- [19, 20, 21, 22]
   |- [26, 29, 31, 34]
   |  |- [23, 25]
   |  |- [26, 27, 28]
   |  |- [29, 30]
   |  |- [31, 32, 33]
   |  `- [34, 35, 36]
   `- [40, 42, 45, 47]
      |- [37, 39]
      |- [40, 41]
      |- [42, 43, 44]
      |- [45, 46]
      `- [47, 48, 49]
Insert 38
`- [11, 23, 37]
   |- [4, 7]
   |  |- [0, 1, 2, 3]
   |  |- [4, 5, 6]
   |  `- [7, 8, 9, 10]
   |- [13, 16, 19]
   |  |- [11, 12]
   |  |- [13, 14, 15]
   |  |- [16, 17, 18]
   |  `- [19, 20, 21, 22]
   |- [26, 29, 31, 34]
   |  |- [23, 25]
   |  |- [26, 27, 28]
   |  |- [29, 30]
   |  |- [31, 32, 33]
   |  `- [34, 35, 36]
   `- [40, 42, 45, 47]
      |- [37, 38, 39]
      |- [40, 41]
      |- [42, 43, 44]
      |- [45, 46]
      `- [47, 48, 49]
Insert 24
`- [11, 23, 37]
   |- [4, 7]
   |  |- [0, 1, 2, 3]
   |  |- [4, 5, 6]
   |  `- [7, 8, 9, 10]
   |- [13, 16, 19]
   |  |- [11, 12]
   |  |- [13, 14, 15]
   |  |- [16, 17, 18]
   |  `- [19, 20, 21, 22]
   |- [26, 29, 31, 34]
   |  |- [23, 24, 25]
   |  |- [26, 27, 28]
   |  |- [29, 30]
   |  |- [31, 32, 33]
   |  `- [34, 35, 36]
   `- [40, 42, 45, 47]
      |- [37, 38, 39]
      |- [40, 41]
      |- [42, 43, 44]
      |- [45, 46]
      `- [47, 48, 49]