Insert 46
`- [46]
Insert 79
`- [46, 79]
Insert 87
`- [46, 79, 87]
Insert 39
`- [39, 46, 79, 87]
Insert 43
`- [46]
   |- [39, 43]
   `- [46, 79, 87]
Insert 38
`- [46]
   |- [38, 39, 43]
   `- [46, 79, 87]
Insert 54
`- [46]
   |- [38, 39, 43]
   `- [46, 54, 79, 87]
Insert 98
`- [46, 79]
   |- [38, 39, 43]
   |- [46, 54]
   `- [79, 87, 98]
Insert 3
`- [46, 79]
   |- [3, 38, 39, 43]
   |- [46, 54]
   `- [79, 87, 98]
Insert 22
`- [38, 46, 79]
   |- [3, 22]
   |- [38, 39, 43]
   |- [46, 54]
   `- [79, 87, 98]
Insert 66
`- [38, 46, 79]
   |- [3, 22]
   |- [38, 39, 43]
   |- [46, 54, 66]
   `- [79, 87, 98]
Insert 78
`- [38, 46, 79]
   |- [3, 22]
   |- [38, 39, 43]
   |- [46, 54, 66, 78]
   `- [79, 87, 98]
Insert 64
`- [38, 46, 64, 79]
   |- [3, 22]
   |- [38, 39, 43]
   |- [46, 54]
   |- [64, 66, 78]
   `- [79, 87, 98]
Insert 23
`- [38, 46, 64, 79]
   |- [3, 22, 23]
   |- [38, 39, 43]
   |- [46, 54]
   |- [64, 66, 78]
   `- [79, 87, 98]
Insert 32
`- [38, 46, 64, 79]
   |- [3, 22, 23, 32]
   |- [38, 39, 43]
   |- [46, 54]
   |- [64, 66, 78]
   `- [79, 87, 98]
Insert 8
`- [46]
   |- [22, 38]
   |  |- [3, 8]
   |  |- [22, 23, 32]
   |  `- [38, 39, 43]
   `- [64, 79]
      |- [46, 54]
      |- [64, 66, 78]
      `- [79, 87, 98]
Insert 37
`- [46]
   |- [22, 38]
   |  |- [3, 8]
   |  |- [22, 23, 32, 37]
   |  `- [38, 39, 43]
   `- [64, 79]
      |- [46, 54]
      |- [64, 66, 78]
      `- [79, 87, 98]
Insert 58
`- [46]
   |- [22, 38]
   |  |- [3, 8]
   |  |- [22, 23, 32, 37]
   |  `- [38, 39, 43]
   `- [64, 79]
      |- [46, 54, 58]
      |- [64, 66, 78]
      `- [79, 87, 98]
Insert 94
`- [46]
   |- [22, 38]
   |  |- [3, 8]
   |  |- [22, 23, 32, 37]
   |  `- [38, 39, 43]
   `- [64, 79]
      |- [46, 54, 58]
      |- [64, 66, 78]
      `- [79, 87, 94, 98]
Insert 89
`- [46]
   |- [22, 38]
   |  |- [3, 8]
   |  |- [22, 23, 32, 37]
   |  `- [38, 39, 43]
   `- [64, 79, 89]
      |- [46, 54, 58]
      |- [64, 66, 78]
      |- [79, 87]
      `- [89, 94, 98]
Insert 82
`- [46]
   |- [22, 38]
   |  |- [3, 8]
   |  |- [22, 23, 32, 37]
   |  `- [38, 39, 43]
   `- [64, 79, 89]
      |- [46, 54, 58]
      |- [64, 66, 78]
      |- [79, 82, 87]
      `- [89, 94, 98]
Insert 92
`- [46]
   |- [22, 38]
   |  |- [3, 8]
   |  |- [22, 23, 32, 37]
   |  `- [38, 39, 43]
   `- [64, 79, 89]
      |- [46, 54, 58]
      |- [64, 66, 78]
      |- [79, 82, 87]
      `- [89, 92, 94, 98]
Insert 19
`- [46]
   |- [22, 38]
   |  |- [3, 8, 19]
   |  |- [22, 23, 32, 37]
   |  `- [38, 39, 43]
   `- [64, 79, 89]
      |- [46, 54, 58]
      |- [64, 66, 78]
      |- [79, 82, 87]
      `- [89, 92, 94, 98]
Insert 4
`- [46]
   |- [22, 38]
   |  |- [3, 4, 8, 19]
   |  |- [22, 23, 32, 37]
   |  `- [38, 39, 43]
   `- [64, 79, 89]
      |- [46, 54, 58]
      |- [64, 66, 78]
      |- [79, 82, 87]
      `- [89, 92, 94, 98]
Insert 95
`- [46]
   |- [22, 38]
   |  |- [3, 4, 8, 19]
   |  |- [22, 23, 32, 37]
   |  `- [38, 39, 43]
   `- [64, 79, 89, 94]
      |- [46, 54, 58]
      |- [64, 66, 78]
      |- [79, 82, 87]
      |- [89, 92]
      `- [94, 95, 98]
Insert 26
`- [46]
   |- [22, 26, 38]
   |  |- [3, 4, 8, 19]
   |  |- [22, 23]
   |  |- [26, 32, 37]
   |  `- [38, 39, 43]
   `- [64, 79, 89, 94]
      |- [46, 54, 58]
      |- [64, 66, 78]
      |- [79, 82, 87]
      |- [89, 92]
      `- [94, 95, 98]
Insert 57
`- [46]
   |- [22, 26, 38]
   |  |- [3, 4, 8, 19]
   |  |- [22, 23]
   |  |- [26, 32, 37]
   |  `- [38, 39, 43]
   `- [64, 79, 89, 94]
      |- [46, 54, 57, 58]
      |- [64, 66, 78]
      |- [79, 82, 87]
      |- [89, 92]
      `- [94, 95, 98]
Insert 28
`- [46]
   |- [22, 26, 38]
   |  |- [3, 4, 8, 19]
   |  |- [22, 23]
   |  |- [26, 28, 32, 37]
   |  `- [38, 39, 43]
   `- [64, 79, 89, 94]
      |- [46, 54, 57, 58]
      |- [64, 66, 78]
      |- [79, 82, 87]
      |- [89, 92]
      `- [94, 95, 98]
Insert 18
`- [46]
   |- [8, 22, 26, 38]
   |  |- [3, 4]
   |  |- [8, 18, 19]
   |  |- [22, 23]
   |  |- [26, 28, 32, 37]
   |  `- [38, 39, 43]
   `- [64, 79, 89, 94]
      |- [46, 54, 57, 58]
      |- [64, 66, 78]
      |- [79, 82, 87]
      |- [89, 92]
      `- [94, 95, 98]
Insert 7
`- [46]
   |- [8, 22, 26, 38]
   |  |- [3, 4, 7]
   |  |- [8, 18, 19]
   |  |- [22, 23]
   |  |- [26, 28, 32, 37]
   |  `- [38, 39, 43]
   `- [64, 79, 89, 94]
      |- [46, 54, 57, 58]
      |- [64, 66, 78]
      |- [79, 82, 87]
      |- [89, 92]
      `- [94, 95, 98]
Insert 99
`- [46]
   |- [8, 22, 26, 38]
   |  |- [3, 4, 7]
   |  |- [8, 18, 19]
   |  |- [22, 23]
   |  |- [26, 28, 32, 37]
   |  `- [38, 39, 43]
   `- [64, 79, 89, 94]
      |- [46, 54, 57, 58]
      |- [64, 66, 78]
      |- [79, 82, 87]
      |- [89, 92]
      `- [94, 95, 98, 99]
Insert 13
`- [46]
   |- [8, 22, 26, 38]
   |  |- [3, 4, 7]
   |  |- [8, 13, 18, 19]
   |  |- [22, 23]
   |  |- [26, 28, 32, 37]
   |  `- [38, 39, 43]
   `- [64, 79, 89, 94]
      |- [46, 54, 57, 58]
      |- [64, 66, 78]
      |- [79, 82, 87]
      |- [89, 92]
      `- [94, 95, 98, 99]
Insert 10
`- [22, 46]
   |- [8, 13]
   |  |- [3, 4, 7]
   |  |- [8, 10]
   |  `- [13, 18, 19]
   |- [26, 38]
   |  |- [22, 23]
   |  |- [26, 28, 32, 37]
   |  `- [38, 39, 43]
   `- [64, 79, 89, 94]
      |- [46, 54, 57, 58]
      |- [64, 66, 78]
      |- [79, 82, 87]
      |- [89, 92]
      `- [94, 95, 98, 99]
Insert 48
`- [22, 46, 79]
   |- [8, 13]
   |  |- [3, 4, 7]
   |  |- [8, 10]
   |  `- [13, 18, 19]
   |- [26, 38]
   |  |- [22, 23]
   |  |- [26, 28, 32, 37]
   |  `- [38, 39, 43]
   |- [54, 64]
   |  |- [46, 48]
   |  |- [54, 57, 58]
   |  `- [64, 66, 78]
   `- [89, 94]
      |- [79, 82, 87]
      |- [89, 92]
      `- [94, 95, 98, 99]
Insert 41
`- [22, 46, 79]
   |- [8, 13]
   |  |- [3, 4, 7]
   |  |- [8, 10]
   |  `- [13, 18, 19]
   |- [26, 38]
   |  |- [22, 23]
   |  |- [26, 28, 32, 37]
   |  `- [38, 39, 41, 43]
   |- [54, 64]
   |  |- [46, 48]
   |  |- [54, 57, 58]
   |  `- [64, 66, 78]
   `- [89, 94]
      |- [79, 82, 87]
      |- [89, 92]
      `- [94, 95, 98, 99]
Insert 72
`- [22, 46, 79]
   |- [8, 13]
   |  |- [3, 4, 7]
   |  |- [8, 10]
   |  `- [13, 18, 19]
   |- [26, 38]
   |  |- [22, 23]
   |  |- [26, 28, 32, 37]
   |  `- [38, 39, 41, 43]
   |- [54, 64]
   |  |- [46, 48]
   |  |- [54, 57, 58]
   |  `- [64, 66, 72, 78]
   `- [89, 94]
      |- [79, 82, 87]
      |- [89, 92]
      `- [94, 95, 98, 99]
Insert 90
`- [22, 46, 79]
   |- [8, 13]
   |  |- [3, 4, 7]
   |  |- [8, 10]
   |  `- [13, 18, 19]
   |- [26, 38]
   |  |- [22, 23]
   |  |- [26, 28, 32, 37]
   |  `- [38, 39, 41, 43]
   |- [54, 64]
   |  |- [46, 48]
   |  |- [54, 57, 58]
   |  `- [64, 66, 72, 78]
   `- [89, 94]
      |- [79, 82, 87]
      |- [89, 90, 92]
      `- [94, 95, 98, 99]
Insert 74
`- [22, 46, 79]
   |- [8, 13]
   |  |- [3, 4, 7]
   |  |- [8, 10]
   |  `- [13, 18, 19]
   |- [26, 38]
   |  |- [22, 23]
   |  |- [26, 28, 32, 37]
   |  `- [38, 39, 41, 43]
   |- [54, 64, 72]
   |  |- [46, 48]
   |  |- [54, 57, 58]
   |  |- [64, 66]
   |  `- [72, 74, 78]
   `- [89, 94]
      |- [79, 82, 87]
      |- [89, 90, 92]
      `- [94, 95, 98, 99]
Insert 85
`- [22, 46, 79]
   |- [8, 13]
   |  |- [3, 4, 7]
   |  |- [8, 10]
   |  `- [13, 18, 19]
   |- [26, 38]
   |  |- [22, 23]
   |  |- [26, 28, 32, 37]
   |  `- [38, 39, 41, 43]
   |- [54, 64, 72]
   |  |- [46, 48]
   |  |- [54, 57, 58]
   |  |- [64, 66]
   |  `- [72, 74, 78]
   `- [89, 94]
      |- [79, 82, 85, 87]
      |- [89, 90, 92]
      `- [94, 95, 98, 99]
Insert 76
`- [22, 46, 79]
   |- [8, 13]
   |  |- [3, 4, 7]
   |  |- [8, 10]
   |  `- [13, 18, 19]
   |- [26, 38]
   |  |- [22, 23]
   |  |- [26, 28, 32, 37]
   |  `- [38, 39, 41, 43]
   |- [54, 64, 72]
   |  |- [46, 48]
   |  |- [54, 57, 58]
   |  |- [64, 66]
   |  `- [72, 74, 76, 78]
   `- [89, 94]
      |- [79, 82, 85, 87]
      |- [89, 90, 92]
      `- [94, 95, 98, 99]
Insert 5
`- [22, 46, 79]
   |- [8, 13]
   |  |- [3, 4, 5, 7]
   |  |- [8, 10]
   |  `- [13, 18, 19]
   |- [26, 38]
   |  |- [22, 23]
   |  |- [26, 28, 32, 37]
   |  `- [38, 39, 41, 43]
   |- [54, 64, 72]
   |  |- [46, 48]
   |  |- [54, 57, 58]
   |  |- [64, 66]
   |  `- [72, 74, 76, 78]
   `- [89, 94]
      |- [79, 82, 85, 87]
      |- [89, 90, 92]
      `- [94, 95, 98, 99]
Insert 9
`- [22, 46, 79]
   |- [8, 13]
   |  |- [3, 4, 5, 7]
   |  |- [8, 9, 10]
   |  `- [13, 18, 19]
   |- [26, 38]
   |  |- [22, 23]
   |  |- [26, 28, 32, 37]
   |  `- [38, 39, 41, 43]
   |- [54, 64, 72]
   |  |- [46, 48]
   |  |- [54, 57, 58]
   |  |- [64, 66]
   |  `- [72, 74, 76, 78]
   `- [89, 94]
      |- [79, 82, 85, 87]
      |- [89, 90, 92]
      `- [94, 95, 98, 99]
Insert 53
`- [22, 46, 79]
   |- [8, 13]
   |  |- [3, 4, 5, 7]
   |  |- [8, 9, 10]
   |  `- [13, 18, 19]
   |- [26, 38]
   |  |- [22, 23]
   |  |- [26, 28, 32, 37]
   |  `- [38, 39, 41, 43]
   |- [54, 64, 72]
   |  |- [46, 48, 53]
   |  |- [54, 57, 58]
   |  |- [64, 66]
   |  `- [72, 74, 76, 78]
   `- [89, 94]
      |- [79, 82, 85, 87]
      |- [89, 90, 92]
      `- [94, 95, 98, 99]
Insert 81
`- [22, 46, 79]
   |- [8, 13]
   |  |- [3, 4, 5, 7]
   |  |- [8, 9, 10]
   |  `- [13, 18, 19]
   |- [26, 38]
   |  |- [22, 23]
   |  |- [26, 28, 32, 37]
   |  `- [38, 39, 41, 43]
   |- [54, 64, 72]
   |  |- [46, 48, 53]
   |  |- [54, 57, 58]
   |  |- [64, 66]
   |  `- [72, 74, 76, 78]
   `- [82, 89, 94]
      |- [79, 81]
      |- [82, 85, 87]
      |- [89, 90, 92]
      `- [94, 95, 98, 99]
Insert 1
`- [22, 46, 79]
   |- [4, 8, 13]
   |  |- [1, 3]
   |  |- [4, 5, 7]
   |  |- [8, 9, 10]
   |  `- [13, 18, 19]
   |- [26, 38]
   |  |- [22, 23]
   |  |- [26, 28, 32, 37]
   |  `- [38, 39, 41, 43]
   |- [54, 64, 72]
   |  |- [46, 48, 53]
   |  |- [54, 57, 58]
   |  |- [64, 66]
   |  `- [72, 74, 76, 78]
   `- [82, 89, 94]
      |- [79, 81]
      |- [82, 85, 87]
      |- [89, 90, 92]
      `- [94, 95, 98, 99]
Insert 20
`- [22, 46, 79]
   |- [4, 8, 13]
   |  |- [1, 3]
   |  |- [4, 5, 7]
   |  |- [8, 9, 10]
   |  `- [13, 18, 19, 20]
   |- [26, 38]
   |  |- [22, 23]
   |  |- [26, 28, 32, 37]
   |  `- [38, 39, 41, 43]
   |- [54, 64, 72]
   |  |- [46, 48, 53]
   |  |- [54, 57, 58]
   |  |- [64, 66]
   |  `- [72, 74, 76, 78]
   `- [82, 89, 94]
      |- [79, 81]
      |- [82, 85, 87]
      |- [89, 90, 92]
      `- [94, 95, 98, 99]
Insert 15
`- [22, 46, 79]
   |- [4, 8, 13, 18]
   |  |- [1, 3]
   |  |- [4, 5, 7]
   |  |- [8, 9, 10]
   |  |- [13, 15]
   |  `- [18, 19, 20]
   |- [26, 38]
   |  |- [22, 23]
   |  |- [26, 28, 32, 37]
   |  `- [38, 39, 41, 43]
   |- [54, 64, 72]
   |  |- [46, 48, 53]
   |  |- [54, 57, 58]
   |  |- [64, 66]
   |  `- [72, 74, 76, 78]
   `- [82, 89, 94]
      |- [79, 81]
      |- [82, 85, 87]
      |- [89, 90, 92]
      `- [94, 95, 98, 99]
Insert 17
`- [22, 46, 79]
   |- [4, 8, 13, 18]
   |  |- [1, 3]
   |  |- [4, 5, 7]
   |  |- [8, 9, 10]
   |  |- [13, 15, 17]
   |  `- [18, 19, 20]
   |- [26, 38]
   |  |- [22, 23]
   |  |- [26, 28, 32, 37]
   |  `- [38, 39, 41, 43]
   |- [54, 64, 72]
   |  |- [46, 48, 53]
   |  |- [54, 57, 58]
   |  |- [64, 66]
   |  `- [72, 74, 76, 78]
   `- [82, 89, 94]
      |- [79, 81]
      |- [82, 85, 87]
      |- [89, 90, 92]
      `- [94, 95, 98, 99]
Insert 83
`- [22, 46, 79]
   |- [4, 8, 13, 18]
   |  |- [1, 3]
   |  |- [4, 5, 7]
   |  |- [8, 9, 10]
   |  |- [13, 15, 17]
   |  `- [18, 19, 20]
   |- [26, 38]
   |  |- [22, 23]
   |  |- [26, 28, 32, 37]
   |  `- [38, 39, 41, 43]
   |- [54, 64, 72]
   |  |- [46, 48, 53]
   |  |- [54, 57, 58]
   |  |- [64, 66]
   |  `- [72, 74, 76, 78]
   `- [82, 89, 94]
      |- [79, 81]
      |- [82, 83, 85, 87]
      |- [89, 90, 92]
      `- [94, 95, 98, 99]
Insert 27
`- [22, 46, 79]
   |- [4, 8, 13, 18]
   |  |- [1, 3]
   |  |- [4, 5, 7]
   |  |- [8, 9, 10]
   |  |- [13, 15, 17]
   |  `- [18, 19, 20]
   |- [26, 28, 38]
   |  |- [22, 23]
   |  |- [26, 27]
   |  |- [28, 32, 37]
   |  `- [38, 39, 41, 43]
   |- [54, 64, 72]
   |  |- [46, 48, 53]
   |  |- [54, 57, 58]
   |  |- [64, 66]
   |  `- [72, 74, 76, 78]
   `- [82, 89, 94]
      |- [79, 81]
      |- [82, 83, 85, 87]
      |- [89, 90, 92]
      `- [94, 95, 98, 99]
Insert 67
`- [22, 46, 79]
   |- [4, 8, 13, 18]
   |  |- [1, 3]
   |  |- [4, 5, 7]
   |  |- [8, 9, 10]
   |  |- [13, 15, 17]
   |  `- [18, 19, 20]
   |- [26, 28, 38]
   |  |- [22, 23]
   |  |- [26, 27]
   |  |- [28, 32, 37]
   |  `- [38, 39, 41, 43]
   |- [54, 64, 72]
   |  |- [46, 48, 53]
   |  |- [54, 57, 58]
   |  |- [64, 66, 67]
   |  `- [72, 74, 76, 78]
   `- [82, 89, 94]
      |- [79, 81]
      |- [82, 83, 85, 87]
      |- [89, 90, 92]
      `- [94, 95, 98, 99]
Insert 33
`- [22, 46, 79]
   |- [4, 8, 13, 18]
   |  |- [1, 3]
   |  |- [4, 5, 7]
   |  |- [8, 9, 10]
   |  |- [13, 15, 17]
   |  `- [18, 19, 20]
   |- [26, 28, 38]
   |  |- [22, 23]
   |  |- [26, 27]
   |  |- [28, 32, 33, 37]
   |  `- [38, 39, 41, 43]
   |- [54, 64, 72]
   |  |- [46, 48, 53]
   |  |- [54, 57, 58]
   |  |- [64, 66, 67]
   |  `- [72, 74, 76, 78]
   `- [82, 89, 94]
      |- [79, 81]
      |- [82, 83, 85, 87]
      |- [89, 90, 92]
      `- [94, 95, 98, 99]
Insert 12
`- [22, 46, 79]
   |- [4, 8, 13, 18]
   |  |- [1, 3]
   |  |- [4, 5, 7]
   |  |- [8, 9, 10, 12]
   |  |- [13, 15, 17]
   |  `- [18, 19, 20]
   |- [26, 28, 38]
   |  |- [22, 23]
   |  |- [26, 27]
   |  |- [28, 32, 33, 37]
   |  `- [38, 39, 41, 43]
   |- [54, 64, 72]
   |  |- [46, 48, 53]
   |  |- [54, 57, 58]
   |  |- [64, 66, 67]
   |  `- [72, 74, 76, 78]
   `- [82, 89, 94]
      |- [79, 81]
      |- [82, 83, 85, 87]
      |- [89, 90, 92]
      `- [94, 95, 98, 99]
Insert 31
`- [22, 46, 79]
   |- [4, 8, 13, 18]
   |  |- [1, 3]
   |  |- [4, 5, 7]
   |  |- [8, 9, 10, 12]
   |  |- [13, 15, 17]
   |  `- [18, 19, 20]
   |- [26, 28, 32, 38]
   |  |- [22, 23]
   |  |- [26, 27]
   |  |- [28, 31]
   |  |- [32, 33, 37]
   |  `- [38, 39, 41, 43]
   |- [54, 64, 72]
   |  |- [46, 48, 53]
   |  |- [54, 57, 58]
   |  |- [64, 66, 67]
   |  `- [72, 74, 76, 78]
   `- [82, 89, 94]
      |- [79, 81]
      |- [82, 83, 85, 87]
      |- [89, 90, 92]
      `- [94, 95, 98, 99]
Insert 2
`- [22, 46, 79]
   |- [4, 8, 13, 18]
   |  |- [1, 2, 3]
   |  |- [4, 5, 7]
   |  |- [8, 9, 10, 12]
   |  |- [13, 15, 17]
   |  `- [18, 19, 20]
   |- [26, 28, 32, 38]
   |  |- [22, 23]
   |  |- [26, 27]
   |  |- [28, 31]
   |  |- [32, 33, 37]
   |  `- [38, 39, 41, 43]
   |- [54, 64, 72]
   |  |- [46, 48, 53]
   |  |- [54, 57, 58]
   |  |- [64, 66, 67]
   |  `- [72, 74, 76, 78]
   `- [82, 89, 94]
      |- [79, 81]
      |- [82, 83, 85, 87]
      |- [89, 90, 92]
      `- [94, 95, 98, 99]
Insert 52
`- [22, 46, 79]
   |- [4, 8, 13, 18]
   |  |- [1, 2, 3]
   |  |- [4, 5, 7]
   |  |- [8, 9, 10, 12]
   |  |- [13, 15, 17]
   |  `- [18, 19, 20]
   |- [26, 28, 32, 38]
   |  |- [22, 23]
   |  |- [26, 27]
   |  |- [28, 31]
   |  |- [32, 33, 37]
   |  `- [38, 39, 41, 43]
   |- [54, 64, 72]
   |  |- [46, 48, 52, 53]
   |  |- [54, 57, 58]
   |  |- [64, 66, 67]
   |  `- [72, 74, 76, 78]
   `- [82, 89, 94]
      |- [79, 81]
      |- [82, 83, 85, 87]
      |- [89, 90, 92]
      `- [94, 95, 98, 99]
Insert 80
`- [22, 46, 79]
   |- [4, 8, 13, 18]
   |  |- [1, 2, 3]
   |  |- [4, 5, 7]
   |  |- [8, 9, 10, 12]
   |  |- [13, 15, 17]
   |  `- [18, 19, 20]
   |- [26, 28, 32, 38]
   |  |- [22, 23]
   |  |- [26, 27]
   |  |- [28, 31]
   |  |- [32, 33, 37]
   |  `- [38, 39, 41, 43]
   |- [54, 64, 72]
   |  |- [46, 48, 52, 53]
   |  |- [54, 57, 58]
   |  |- [64, 66, 67]
   |  `- [72, 74, 76, 78]
   `- [82, 89, 94]
      |- [79, 80, 81]
      |- [82, 83, 85, 87]
      |- [89, 90, 92]
      `- [94, 95, 98, 99]
Insert 91
`- [22, 46, 79]
   |- [4, 8, 13, 18]
   |  |- [1, 2, 3]
   |  |- [4, 5, 7]
   |  |- [8, 9, 10, 12]
   |  |- [13, 15, 17]
   |  `- [18, 19, 20]
   |- [26, 28, 32, 38]
   |  |- [22, 23]
   |  |- [26, 27]
   |  |- [28, 31]
   |  |- [32, 33, 37]
   |  `- [38, 39, 41, 43]
   |- [54, 64, 72]
   |  |- [46, 48, 52, 53]
   |  |- [54, 57, 58]
   |  |- [64, 66, 67]
   |  `- [72, 74, 76, 78]
   `- [82, 89, 94]
      |- [79, 80, 81]
      |- [82, 83, 85, 87]
      |- [89, 90, 91, 92]
      `- [94, 95, 98, 99]
Insert 51
`- [22, 46, 79]
   |- [4, 8, 13, 18]
   |  |- [1, 2, 3]
   |  |- [4, 5, 7]
   |  |- [8, 9, 10, 12]
   |  |- [13, 15, 17]
   |  `- [18, 19, 20]
   |- [26, 28, 32, 38]
   |  |- [22, 23]
   |  |- [26, 27]
   |  |- [28, 31]
   |  |- [32, 33, 37]
   |  `- [38, 39, 41, 43]
   |- [51, 54, 64, 72]
   |  |- [46, 48]
   |  |- [51, 52, 53]
   |  |- [54, 57, 58]
   |  |- [64, 66, 67]
   |  `- [72, 74, 76, 78]
   `- [82, 89, 94]
      |- [79, 80, 81]
      |- [82, 83, 85, 87]
      |- [89, 90, 91, 92]
      `- [94, 95, 98, 99]
Insert 30
`- [22, 46, 79]
   |- [4, 8, 13, 18]
   |  |- [1, 2, 3]
   |  |- [4, 5, 7]
   |  |- [8, 9, 10, 12]
   |  |- [13, 15, 17]
   |  `- [18, 19, 20]
   |- [26, 28, 32, 38]
   |  |- [22, 23]
   |  |- [26, 27]
   |  |- [28, 30, 31]
   |  |- [32, 33, 37]
   |  `- [38, 39, 41, 43]
   |- [51, 54, 64, 72]
   |  |- [46, 48]
   |  |- [51, 52, 53]
   |  |- [54, 57, 58]
   |  |- [64, 66, 67]
   |  `- [72, 74, 76, 78]
   `- [82, 89, 94]
      |- [79, 80, 81]
      |- [82, 83, 85, 87]
      |- [89, 90, 91, 92]
      `- [94, 95, 98, 99]
Insert 0
`- [22, 46, 79]
   |- [4, 8, 13, 18]
   |  |- [0, 1, 2, 3]
   |  |- [4, 5, 7]
   |  |- [8, 9, 10, 12]
   |  |- [13, 15, 17]
   |  `- [18, 19, 20]
   |- [26, 28, 32, 38]
   |  |- [22, 23]
   |  |- [26, 27]
   |  |- [28, 30, 31]
   |  |- [32, 33, 37]
   |  `- [38, 39, 41, 43]
   |- [51, 54, 64, 72]
   |  |- [46, 48]
   |  |- [51, 52, 53]
   |  |- [54, 57, 58]
   |  |- [64, 66, 67]
   |  `- [72, 74, 76, 78]
   `- [82, 89, 94]
      |- [79, 80, 81]
      |- [82, 83, 85, 87]
      |- [89, 90, 91, 92]
      `- [94, 95, 98, 99]
Insert 70
`- [22, 46, 79]
   |- [4, 8, 13, 18]
   |  |- [0, 1, 2, 3]
   |  |- [4, 5, 7]
   |  |- [8, 9, 10, 12]
   |  |- [13, 15, 17]
   |  `- [18, 19, 20]
   |- [26, 28, 32, 38]
   |  |- [22, 23]
   |  |- [26, 27]
   |  |- [28, 30, 31]
   |  |- [32, 33, 37]
   |  `- [38, 39, 41, 43]
   |- [51, 54, 64, 72]
   |  |- [46, 48]
   |  |- [51, 52, 53]
   |  |- [54, 57, 58]
   |  |- [64, 66, 67, 70]
   |  `- [72, 74, 76, 78]
   `- [82, 89, 94]
      |- [79, 80, 81]
      |- [82, 83, 85, 87]
      |- [89, 90, 91, 92]
      `- [94, 95, 98, 99]
Insert 35
`- [22, 46, 79]
   |- [4, 8, 13, 18]
   |  |- [0, 1, 2, 3]
   |  |- [4, 5, 7]
   |  |- [8, 9, 10, 12]
   |  |- [13, 15, 17]
   |  `- [18, 19, 20]
   |- [26, 28, 32, 38]
   |  |- [22, 23]
   |  |- [26, 27]
   |  |- [28, 30, 31]
   |  |- [32, 33, 35, 37]
   |  `- [38, 39, 41, 43]
   |- [51, 54, 64, 72]
   |  |- [46, 48]
   |  |- [51, 52, 53]
   |  |- [54, 57, 58]
   |  |- [64, 66, 67, 70]
   |  `- [72, 74, 76, 78]
   `- [82, 89, 94]
      |- [79, 80, 81]
      |- [82, 83, 85, 87]
      |- [89, 90, 91, 92]
      `- [94, 95, 98, 99]
Insert 93
`- [22, 46, 79]
   |- [4, 8, 13, 18]
   |  |- [0, 1, 2, 3]
   |  |- [4, 5, 7]
   |  |- [8, 9, 10, 12]
   |  |- [13, 15, 17]
   |  `- [18, 19, 20]
   |- [26, 28, 32, 38]
   |  |- [22, 23]
   |  |- [26, 27]
   |  |- [28, 30, 31]
   |  |- [32, 33, 35, 37]
   |  `- [38, 39, 41, 43]
   |- [51, 54, 64, 72]
   |  |- [46, 48]
   |  |- [51, 52, 53]
   |  |- [54, 57, 58]
   |  |- [64, 66, 67, 70]
   |  `- [72, 74, 76, 78]
   `- [82, 89, 91, 94]
      |- [79, 80, 81]
      |- [82, 83, 85, 87]
      |- [89, 90]
      |- [91, 92, 93]
      `- [94, 95, 98, 99]
Insert 45
`- [22, 32, 46, 79]
   |- [4, 8, 13, 18]
   |  |- [0, 1, 2, 3]
   |  |- [4, 5, 7]
   |  |- [8, 9, 10, 12]
   |  |- [13, 15, 17]
   |  `- [18, 19, 20]
   |- [26, 28]
   |  |- [22, 23]
   |  |- [26, 27]
   |  `- [28, 30, 31]
   |- [38, 41]
   |  |- [32, 33, 35, 37]
   |  |- [38, 39]
   |  `- [41, 43, 45]
   |- [51, 54, 64, 72]
   |  |- [46, 48]
   |  |- [51, 52, 53]
   |  |- [54, 57, 58]
   |  |- [64, 66, 67, 70]
   |  `- [72, 74, 76, 78]
   `- [82, 89, 91, 94]
      |- [79, 80, 81]
      |- [82, 83, 85, 87]
      |- [89, 90]
      |- [91, 92, 93]
      `- [94, 95, 98, 99]
Insert 65
`- [46]
   |- [22, 32]
   |  |- [4, 8, 13, 18]
   |  |  |- [0, 1, 2, 3]
   |  |  |- [4, 5, 7]
   |  |  |- [8, 9, 10, 12]
   |  |  |- [13, 15, 17]
   |  |  `- [18, 19, 20]
   |  |- [26, 28]
   |  |  |- [22, 23]
   |  |  |- [26, 27]
   |  |  `- [28, 30, 31]
   |  `- [38, 41]
   |     |- [32, 33, 35, 37]
   |     |- [38, 39]
   |     `- [41, 43, 45]
   `- [64, 79]
      |- [51, 54]
      |  |- [46, 48]
      |  |- [51, 52, 53]
      |  `- [54, 57, 58]
      |- [66, 72]
      |  |- [64, 65]
      |  |- [66, 67, 70]
      |  `- [72, 74, 76, 78]
      `- [82, 89, 91, 94]
         |- [79, 80, 81]
         |- [82, 83, 85, 87]
         |- [89, 90]
         |- [91, 92, 93]
         `- [94, 95, 98, 99]
Insert 40
`- [46]
   |- [22, 32]
   |  |- [4, 8, 13, 18]
   |  |  |- [0, 1, 2, 3]
   |  |  |- [4, 5, 7]
   |  |  |- [8, 9, 10, 12]
   |  |  |- [13, 15, 17]
   |  |  `- [18, 19, 20]
   |  |- [26, 28]
   |  |  |- [22, 23]
   |  |  |- [26, 27]
   |  |  `- [28, 30, 31]
   |  `- [38, 41]
   |     |- [32, 33, 35, 37]
   |     |- [38, 39, 40]
   |     `- [41, 43, 45]
   `- [64, 79]
      |- [51, 54]
      |  |- [46, 48]
      |  |- [51, 52, 53]
      |  `- [54, 57, 58]
      |- [66, 72]
      |  |- [64, 65]
      |  |- [66, 67, 70]
      |  `- [72, 74, 76, 78]
      `- [82, 89, 91, 94]
         |- [79, 80, 81]
         |- [82, 83, 85, 87]
         |- [89, 90]
         |- [91, 92, 93]
         `- [94, 95, 98, 99]
Insert 69
`- [46]
   |- [22, 32]
   |  |- [4, 8, 13, 18]
   |  |  |- [0, 1, 2, 3]
   |  |  |- [4, 5, 7]
   |  |  |- [8, 9, 10, 12]
   |  |  |- [13, 15, 17]
   |  |  `- [18, 19, 20]
   |  |- [26, 28]
   |  |  |- [22, 23]
   |  |  |- [26, 27]
   |  |  `- [28, 30, 31]
   |  `- [38, 41]
   |     |- [32, 33, 35, 37]
   |     |- [38, 39, 40]
   |     `- [41, 43, 45]
   `- [64, 79]
      |- [51, 54]
      |  |- [46, 48]
      |  |- [51, 52, 53]
      |  `- [54, 57, 58]
      |- [66, 72]
      |  |- [64, 65]
      |  |- [66, 67, 69, 70]
      |  `- [72, 74, 76, 78]
      `- [82, 89, 91, 94]
         |- [79, 80, 81]
         |- [82, 83, 85, 87]
         |- [89, 90]
         |- [91, 92, 93]
         `- [94, 95, 98, 99]
Insert 11
`- [46]
   |- [10, 22, 32]
   |  |- [4, 8]
   |  |  |- [0, 1, 2, 3]
   |  |  |- [4, 5, 7]
   |  |  `- [8, 9]
   |  |- [13, 18]
   |  |  |- [10, 11, 12]
   |  |  |- [13, 15, 17]
   |  |  `- [18, 19, 20]
   |  |- [26, 28]
   |  |  |- [22, 23]
   |  |  |- [26, 27]
   |  |  `- [28, 30, 31]
   |  `- [38, 41]
   |     |- [32, 33, 35, 37]
   |     |- [38, 39, 40]
   |     `- [41, 43, 45]
   `- [64, 79]
      |- [51, 54]
      |  |- [46, 48]
      |  |- [51, 52, 53]
      |  `- [54, 57, 58]
      |- [66, 72]
      |  |- [64, 65]
      |  |- [66, 67, 69, 70]
      |  `- [72, 74, 76, 78]
      `- [82, 89, 91, 94]
         |- [79, 80, 81]
         |- [82, 83, 85, 87]
         |- [89, 90]
         |- [91, 92, 93]
         `- [94, 95, 98, 99]
Insert 86
`- [46]
   |- [10, 22, 32]
   |  |- [4, 8]
   |  |  |- [0, 1, 2, 3]
   |  |  |- [4, 5, 7]
   |  |  `- [8, 9]
   |  |- [13, 18]
   |  |  |- [10, 11, 12]
   |  |  |- [13, 15, 17]
   |  |  `- [18, 19, 20]
   |  |- [26, 28]
   |  |  |- [22, 23]
   |  |  |- [26, 27]
   |  |  `- [28, 30, 31]
   |  `- [38, 41]
   |     |- [32, 33, 35, 37]
   |     |- [38, 39, 40]
   |     `- [41, 43, 45]
   `- [64, 79, 89]
      |- [51, 54]
      |  |- [46, 48]
      |  |- [51, 52, 53]
      |  `- [54, 57, 58]
      |- [66, 72]
      |  |- [64, 65]
      |  |- [66, 67, 69, 70]
      |  `- [72, 74, 76, 78]
      |- [82, 85]
      |  |- [79, 80, 81]
      |  |- [82, 83]
      |  `- [85, 86, 87]
      `- [91, 94]
         |- [89, 90]
         |- [91, 92, 93]
         `- [94, 95, 98, 99]
Insert 62
`- [46]
   |- [10, 22, 32]
   |  |- [4, 8]
   |  |  |- [0, 1, 2, 3]
   |  |  |- [4, 5, 7]
   |  |  `- [8, 9]
   |  |- [13, 18]
   |  |  |- [10, 11, 12]
   |  |  |- [13, 15, 17]
   |  |  `- [18, 19, 20]
   |  |- [26, 28]
   |  |  |- [22, 23]
   |  |  |- [26, 27]
   |  |  `- [28, 30, 31]
   |  `- [38, 41]
   |     |- [32, 33, 35, 37]
   |     |- [38, 39, 40]
   |     `- [41, 43, 45]
   `- [64, 79, 89]
      |- [51, 54]
      |  |- [46, 48]
      |  |- [51, 52, 53]
      |  `- [54, 57, 58, 62]
      |- [66, 72]
      |  |- [64, 65]
      |  |- [66, 67, 69, 70]
      |  `- [72, 74, 76, 78]
      |- [82, 85]
      |  |- [79, 80, 81]
      |  |- [82, 83]
      |  `- [85, 86, 87]
      `- [91, 94]
         |- [89, 90]
         |- [91, 92, 93]
         `- [94, 95, 98, 99]
Insert 88
`- [46]
   |- [10, 22, 32]
   |  |- [4, 8]
   |  |  |- [0, 1, 2, 3]
   |  |  |- [4, 5, 7]
   |  |  `- [8, 9]
   |  |- [13, 18]
   |  |  |- [10, 11, 12]
   |  |  |- [13, 15, 17]
   |  |  `- [18, 19, 20]
   |  |- [26, 28]
   |  |  |- [22, 23]
   |  |  |- [26, 27]
   |  |  `- [28, 30, 31]
   |  `- [38, 41]
   |     |- [32, 33, 35, 37]
   |     |- [38, 39, 40]
   |     `- [41, 43, 45]
   `- [64, 79, 89]
      |- [51, 54]
      |  |- [46, 48]
      |  |- [51, 52, 53]
      |  `- [54, 57, 58, 62]
      |- [66, 72]
      |  |- [64, 65]
      |  |- [66, 67, 69, 70]
      |  `- [72, 74, 76, 78]
      |- [82, 85]
      |  |- [79, 80, 81]
      |  |- [82, 83]
      |  `- [85, 86, 87, 88]
      `- [91, 94]
         |- [89, 90]
         |- [91, 92, 93]
         `- [94, 95, 98, 99]
Insert 6
`- [46]
   |- [10, 22, 32]
   |  |- [4, 8]
   |  |  |- [0, 1, 2, 3]
   |  |  |- [4, 5, 6, 7]
   |  |  `- [8, 9]
   |  |- [13, 18]
   |  |  |- [10, 11, 12]
   |  |  |- [13, 15, 17]
   |  |  `- [18, 19, 20]
   |  |- [26, 28]
   |  |  |- [22, 23]
   |  |  |- [26, 27]
   |  |  `- [28, 30, 31]
   |  `- [38, 41]
   |     |- [32, 33, 35, 37]
   |     |- [38, 39, 40]
   |     `- [41, 43, 45]
   `- [64, 79, 89]
      |- [51, 54]
      |  |- [46, 48]
      |  |- [51, 52, 53]
      |  `- [54, 57, 58, 62]
      |- [66, 72]
      |  |- [64, 65]
      |  |- [66, 67, 69, 70]
      |  `- [72, 74, 76, 78]
      |- [82, 85]
      |  |- [79, 80, 81]
      |  |- [82, 83]
      |  `- [85, 86, 87, 88]
      `- [91, 94]
         |- [89, 90]
         |- [91, 92, 93]
         `- [94, 95, 98, 99]
Insert 42
`- [46]
   |- [10, 22, 32]
   |  |- [4, 8]
   |  |  |- [0, 1, 2, 3]
   |  |  |- [4, 5, 6, 7]
   |  |  `- [8, 9]
   |  |- [13, 18]
   |  |  |- [10, 11, 12]
   |  |  |- [13, 15, 17]
   |  |  `- [18, 19, 20]
   |  |- [26, 28]
   |  |  |- [22, 23]
   |  |  |- [26, 27]
   |  |  `- [28, 30, 31]
   |  `- [38, 41]
   |     |- [32, 33, 35, 37]
   |     |- [38, 39, 40]
   |     `- [41, 42, 43, 45]
   `- [64, 79, 89]
      |- [51, 54]
      |  |- [46, 48]
      |  |- [51, 52, 53]
      |  `- [54, 57, 58, 62]
      |- [66, 72]
      |  |- [64, 65]
      |  |- [66, 67, 69, 70]
      |  `- [72, 74, 76, 78]
      |- [82, 85]
      |  |- [79, 80, 81]
      |  |- [82, 83]
      |  `- [85, 86, 87, 88]
      `- [91, 94]
         |- [89, 90]
         |- [91, 92, 93]
         `- [94, 95, 98, 99]
Insert 60
`- [46]
   |- [10, 22, 32]
   |  |- [4, 8]
   |  |  |- [0, 1, 2, 3]
   |  |  |- [4, 5, 6, 7]
   |  |  `- [8, 9]
   |  |- [13, 18]
   |  |  |- [10, 11, 12]
   |  |  |- [13, 15, 17]
   |  |  `- [18, 19, 20]
   |  |- [26, 28]
   |  |  |- [22, 23]
   |  |  |- [26, 27]
   |  |  `- [28, 30, 31]
   |  `- [38, 41]
   |     |- [32, 33, 35, 37]
   |     |- [38, 39, 40]
   |     `- [41, 42, 43, 45]
   `- [64, 79, 89]
      |- [51, 54, 58]
      |  |- [46, 48]
      |  |- [51, 52, 53]
      |  |- [54, 57]
      |  `- [58, 60, 62]
      |- [66, 72]
      |  |- [64, 65]
      |  |- [66, 67, 69, 70]
      |  `- [72, 74, 76, 78]
      |- [82, 85]
      |  |- [79, 80, 81]
      |  |- [82, 83]
      |  `- [85, 86, 87, 88]
      `- [91, 94]
         |- [89, 90]
         |- [91, 92, 93]
         `- [94, 95, 98, 99]
Insert 63
`- [46]
   |- [10, 22, 32]
   |  |- [4, 8]
   |  |  |- [0, 1, 2, 3]
   |  |  |- [4, 5, 6, 7]
   |  |  `- [8, 9]
   |  |- [13, 18]
   |  |  |- [10, 11, 12]
   |  |  |- [13, 15, 17]
   |  |  `- [18, 19, 20]
   |  |- [26, 28]
   |  |  |- [22, 23]
   |  |  |- [26, 27]
   |  |  `- [28, 30, 31]
   |  `- [38, 41]
   |     |- [32, 33, 35, 37]
   |     |- [38, 39, 40]
   |     `- [41, 42, 43, 45]
   `- [64, 79, 89]
      |- [51, 54, 58]
      |  |- [46, 48]
      |  |- [51, 52, 53]
      |  |- [54, 57]
      |  `- [58, 60, 62, 63]
      |- [66, 72]
      |  |- [64, 65]
      |  |- [66, 67, 69, 70]
      |  `- [72, 74, 76, 78]
      |- [82, 85]
      |  |- [79, 80, 81]
      |  |- [82, 83]
      |  `- [85, 86, 87, 88]
      `- [91, 94]
         |- [89, 90]
         |- [91, 92, 93]
         `- [94, 95, 98, 99]
Insert 21
`- [46]
   |- [10, 22, 32]
   |  |- [4, 8]
   |  |  |- [0, 1, 2, 3]
   |  |  |- [4, 5, 6, 7]
   |  |  `- [8, 9]
   |  |- [13, 18]
   |  |  |- [10, 11, 12]
   |  |  |- [13, 15, 17]
   |  |  `- [18, 19, 20, 21]
   |  |- [26, 28]
   |  |  |- [22, 23]
   |  |  |- [26, 27]
   |  |  `- [28, 30, 31]
   |  `- [38, 41]
   |     |- [32, 33, 35, 37]
   |     |- [38, 39, 40]
   |     `- [41, 42, 43, 45]
   `- [64, 79, 89]
      |- [51, 54, 58]
      |  |- [46, 48]
      |  |- [51, 52, 53]
      |  |- [54, 57]
      |  `- [58, 60, 62, 63]
      |- [66, 72]
      |  |- [64, 65]
      |  |- [66, 67, 69, 70]
      |  `- [72, 74, 76, 78]
      |- [82, 85]
      |  |- [79, 80, 81]
      |  |- [82, 83]
      |  `- [85, 86, 87, 88]
      `- [91, 94]
         |- [89, 90]
         |- [91, 92, 93]
         `- [94, 95, 98, 99]
Insert 97
`- [46]
   |- [10, 22, 32]
   |  |- [4, 8]
   |  |  |- [0, 1, 2, 3]
   |  |  |- [4, 5, 6, 7]
   |  |  `- [8, 9]
   |  |- [13, 18]
   |  |  |- [10, 11, 12]
   |  |  |- [13, 15, 17]
   |  |  `- [18, 19, 20, 21]
   |  |- [26, 28]
   |  |  |- [22, 23]
   |  |  |- [26, 27]
   |  |  `- [28, 30, 31]
   |  `- [38, 41]
   |     |- [32, 33, 35, 37]
   |     |- [38, 39, 40]
   |     `- [41, 42, 43, 45]
   `- [64, 79, 89]
      |- [51, 54, 58]
      |  |- [46, 48]
      |  |- [51, 52, 53]
      |  |- [54, 57]
      |  `- [58, 60, 62, 63]
      |- [66, 72]
      |  |- [64, 65]
      |  |- [66, 67, 69, 70]
      |  `- [72, 74, 76, 78]
      |- [82, 85]
      |  |- [79, 80, 81]
      |  |- [82, 83]
      |  `- [85, 86, 87, 88]
      `- [91, 94, 97]
         |- [89, 90]
         |- [91, 92, 93]
         |- [94, 95]
         `- [97, 98, 99]
Insert 49
`- [46]
   |- [10, 22, 32]
   |  |- [4, 8]
   |  |  |- [0, 1, 2, 3]
   |  |  |- [4, 5, 6, 7]
   |  |  `- [8, 9]
   |  |- [13, 18]
   |  |  |- [10, 11, 12]
   |  |  |- [13, 15, 17]
   |  |  `- [18, 19, 20, 21]
   |  |- [26, 28]
   |  |  |- [22, 23]
   |  |  |- [26, 27]
   |  |  `- [28, 30, 31]
   |  `- [38, 41]
   |     |- [32, 33, 35, 37]
   |     |- [38, 39, 40]
   |     `- [41, 42, 43, 45]
   `- [64, 79, 89]
      |- [51, 54, 58]
      |  |- [46, 48, 49]
      |  |- [51, 52, 53]
      |  |- [54, 57]
      |  `- [58, 60, 62, 63]
      |- [66, 72]
      |  |- [64, 65]
      |  |- [66, 67, 69, 70]
      |  `- [72, 74, 76, 78]
      |- [82, 85]
      |  |- [79, 80, 81]
      |  |- [82, 83]
      |  `- [85, 86, 87, 88]
      `- [91, 94, 97]
         |- [89, 90]
         |- [91, 92, 93]
         |- [94, 95]
         `- [97, 98, 99]
Insert 77
`- [46]
   |- [10, 22, 32]
   |  |- [4, 8]
   |  |  |- [0, 1, 2, 3]
   |  |  |- [4, 5, 6, 7]
   |  |  `- [8, 9]
   |  |- [13, 18]
   |  |  |- [10, 11, 12]
   |  |  |- [13, 15, 17]
   |  |  `- [18, 19, 20, 21]
   |  |- [26, 28]
   |  |  |- [22, 23]
   |  |  |- [26, 27]
   |  |  `- [28, 30, 31]
   |  `- [38, 41]
   |     |- [32, 33, 35, 37]
   |     |- [38, 39, 40]
   |     `- [41, 42, 43, 45]
   `- [64, 79, 89]
      |- [51, 54, 58]
      |  |- [46, 48, 49]
      |  |- [51, 52, 53]
      |  |- [54, 57]
      |  `- [58, 60, 62, 63]
      |- [66, 72, 76]
      |  |- [64, 65]
      |  |- [66, 67, 69, 70]
      |  |- [72, 74]
      |  `- [76, 77, 78]
      |- [82, 85]
      |  |- [79, 80, 81]
      |  |- [82, 83]
      |  `- [85, 86, 87, 88]
      `- [91, 94, 97]
         |- [89, 90]
         |- [91, 92, 93]
         |- [94, 95]
         `- [97, 98, 99]
Insert 75
`- [46]
   |- [10, 22, 32]
   |  |- [4, 8]
   |  |  |- [0, 1, 2, 3]
   |  |  |- [4, 5, 6, 7]
   |  |  `- [8, 9]
   |  |- [13, 18]
   |  |  |- [10, 11, 12]
   |  |  |- [13, 15, 17]
   |  |  `- [18, 19, 20, 21]
   |  |- [26, 28]
   |  |  |- [22, 23]
   |  |  |- [26, 27]
   |  |  `- [28, 30, 31]
   |  `- [38, 41]
   |     |- [32, 33, 35, 37]
   |     |- [38, 39, 40]
   |     `- [41, 42, 43, 45]
   `- [64, 79, 89]
      |- [51, 54, 58]
      |  |- [46, 48, 49]
      |  |- [51, 52, 53]
      |  |- [54, 57]
      |  `- [58, 60, 62, 63]
      |- [66, 72, 76]
      |  |- [64, 65]
      |  |- [66, 67, 69, 70]
      |  |- [72, 74, 75]
      |  `- [76, 77, 78]
      |- [82, 85]
      |  |- [79, 80, 81]
      |  |- [82, 83]
      |  `- [85, 86, 87, 88]
      `- [91, 94, 97]
         |- [89, 90]
         |- [91, 92, 93]
         |- [94, 95]
         `- [97, 98, 99]
Insert 25
`- [46]
   |- [10, 22, 32]
   |  |- [4, 8]
   |  |  |- [0, 1, 2, 3]
   |  |  |- [4, 5, 6, 7]
   |  |  `- [8, 9]
   |  |- [13, 18]
   |  |  |- [10, 11, 12]
   |  |  |- [13, 15, 17]
   |  |  `- [18, 19, 20, 21]
   |  |- [26, 28]
   |  |  |- [22, 23, 25]
   |  |  |- [26, 27]
   |  |  `- [28, 30, 31]
   |  `- [38, 41]
   |     |- [32, 33, 35, 37]
   |     |- [38, 39, 40]
   |     `- [41, 42, 43, 45]
   `- [64, 79, 89]
      |- [51, 54, 58]
      |  |- [46, 48, 49]
      |  |- [51, 52, 53]
      |  |- [54, 57]
      |  `- [58, 60, 62, 63]
      |- [66, 72, 76]
      |  |- [64, 65]
      |  |- [66, 67, 69, 70]
      |  |- [72, 74, 75]
      |  `- [76, 77, 78]
      |- [82, 85]
      |  |- [79, 80, 81]
      |  |- [82, 83]
      |  `- [85, 86, 87, 88]
      `- [91, 94, 97]
         |- [89, 90]
         |- [91, 92, 93]
         |- [94, 95]
         `- [97, 98, 99]
Insert 96
`- [46]
   |- [10, 22, 32]
   |  |- [4, 8]
   |  |  |- [0, 1, 2, 3]
   |  |  |- [4, 5, 6, 7]
   |  |  `- [8, 9]
   |  |- [13, 18]
   |  |  |- [10, 11, 12]
   |  |  |- [13, 15, 17]
   |  |  `- [18, 19, 20, 21]
   |  |- [26, 28]
   |  |  |- [22, 23, 25]
   |  |  |- [26, 27]
   |  |  `- [28, 30, 31]
   |  `- [38, 41]
   |     |- [32, 33, 35, 37]
   |     |- [38, 39, 40]
   |     `- [41, 42, 43, 45]
   `- [64, 79, 89]
      |- [51, 54, 58]
      |  |- [46, 48, 49]
      |  |- [51, 52, 53]
      |  |- [54, 57]
      |  `- [58, 60, 62, 63]
      |- [66, 72, 76]
      |  |- [64, 65]
      |  |- [66, 67, 69, 70]
      |  |- [72, 74, 75]
      |  `- [76, 77, 78]
      |- [82, 85]
      |  |- [79, 80, 81]
      |  |- [82, 83]
      |  `- [85, 86, 87, 88]
      `- [91, 94, 97]
         |- [89, 90]
         |- [91, 92, 93]
         |- [94, 95, 96]
         `- [97, 98, 99]
Insert 24
`- [46]
   |- [10, 22, 32]
   |  |- [4, 8]
   |  |  |- [0, 1, 2, 3]
   |  |  |- [4, 5, 6, 7]
   |  |  `- [8, 9]
   |  |- [13, 18]
   |  |  |- [10, 11, 12]
   |  |  |- [13, 15, 17]
   |  |  `- [18, 19, 20, 21]
   |  |- [26, 28]
   |  |  |- [22, 23, 24, 25]
   |  |  |- [26, 27]
   |  |  `- [28, 30, 31]
   |  `- [38, 41]
   |     |- [32, 33, 35, 37]
   |     |- [38, 39, 40]
   |     `- [41, 42, 43, 45]
   `- [64, 79, 89]
      |- [51, 54, 58]
      |  |- [46, 48, 49]
      |  |- [51, 52, 53]
      |  |- [54, 57]
      |  `- [58, 60, 62, 63]
      |- [66, 72, 76]
      |  |- [64, 65]
      |  |- [66, 67, 69, 70]
      |  |- [72, 74, 75]
      |  `- [76, 77, 78]
      |- [82, 85]
      |  |- [79, 80, 81]
      |  |- [82, 83]
      |  `- [85, 86, 87, 88]
      `- [91, 94, 97]
         |- [89, 90]
         |- [91, 92, 93]
         |- [94, 95, 96]
         `- [97, 98, 99]
Insert 68
`- [46]
   |- [10, 22, 32]
   |  |- [4, 8]
   |  |  |- [0, 1, 2, 3]
   |  |  |- [4, 5, 6, 7]
   |  |  `- [8, 9]
   |  |- [13, 18]
   |  |  |- [10, 11, 12]
   |  |  |- [13, 15, 17]
   |  |  `- [18, 19, 20, 21]
   |  |- [26, 28]
   |  |  |- [22, 23, 24, 25]
   |  |  |- [26, 27]
   |  |  `- [28, 30, 31]
   |  `- [38, 41]
   |     |- [32, 33, 35, 37]
   |     |- [38, 39, 40]
   |     `- [41, 42, 43, 45]
   `- [64, 79, 89]
      |- [51, 54, 58]
      |  |- [46, 48, 49]
      |  |- [51, 52, 53]
      |  |- [54, 57]
      |  `- [58, 60, 62, 63]
      |- [66, 68, 72, 76]
      |  |- [64, 65]
      |  |- [66, 67]
      |  |- [68, 69, 70]
      |  |- [72, 74, 75]
      |  `- [76, 77, 78]
      |- [82, 85]
      |  |- [79, 80, 81]
      |  |- [82, 83]
      |  `- [85, 86, 87, 88]
      `- [91, 94, 97]
         |- [89, 90]
         |- [91, 92, 93]
         |- [94, 95, 96]
         `- [97, 98, 99]
Insert 36
`- [46]
   |- [10, 22, 32]
   |  |- [4, 8]
   |  |  |- [0, 1, 2, 3]
   |  |  |- [4, 5, 6, 7]
   |  |  `- [8, 9]
   |  |- [13, 18]
   |  |  |- [10, 11, 12]
   |  |  |- [13, 15, 17]
   |  |  `- [18, 19, 20, 21]
   |  |- [26, 28]
   |  |  |- [22, 23, 24, 25]
   |  |  |- [26, 27]
   |  |  `- [28, 30, 31]
   |  `- [35, 38, 41]
   |     |- [32, 33]
   |     |- [35, 36, 37]
   |     |- [38, 39, 40]
   |     `- [41, 42, 43, 45]
   `- [64, 79, 89]
      |- [51, 54, 58]
      |  |- [46, 48, 49]
      |  |- [51, 52, 53]
      |  |- [54, 57]
      |  `- [58, 60, 62, 63]
      |- [66, 68, 72, 76]
      |  |- [64, 65]
      |  |- [66, 67]
      |  |- [68, 69, 70]
      |  |- [72, 74, 75]
      |  `- [76, 77, 78]
      |- [82, 85]
      |  |- [79, 80, 81]
      |  |- [82, 83]
      |  `- [85, 86, 87, 88]
      `- [91, 94, 97]
         |- [89, 90]
         |- [91, 92, 93]
         |- [94, 95, 96]
         `- [97, 98, 99]
Insert 73
`- [46]
   |- [10, 22, 32]
   |  |- [4, 8]
   |  |  |- [0, 1, 2, 3]
   |  |  |- [4, 5, 6, 7]
   |  |  `- [8, 9]
   |  |- [13, 18]
   |  |  |- [10, 11, 12]
   |  |  |- [13, 15, 17]
   |  |  `- [18, 19, 20, 21]
   |  |- [26, 28]
   |  |  |- [22, 23, 24, 25]
   |  |  |- [26, 27]
   |  |  `- [28, 30, 31]
   |  `- [35, 38, 41]
   |     |- [32, 33]
   |     |- [35, 36, 37]
   |     |- [38, 39, 40]
   |     `- [41, 42, 43, 45]
   `- [64, 79, 89]
      |- [51, 54, 58]
      |  |- [46, 48, 49]
      |  |- [51, 52, 53]
      |  |- [54, 57]
      |  `- [58, 60, 62, 63]
      |- [66, 68, 72, 76]
      |  |- [64, 65]
      |  |- [66, 67]
      |  |- [68, 69, 70]
      |  |- [72, 73, 74, 75]
      |  `- [76, 77, 78]
      |- [82, 85]
      |  |- [79, 80, 81]
      |  |- [82, 83]
      |  `- [85, 86, 87, 88]
      `- [91, 94, 97]
         |- [89, 90]
         |- [91, 92, 93]
         |- [94, 95, 96]
         `- [97, 98, 99]
Insert 59
`- [46]
   |- [10, 22, 32]
   |  |- [4, 8]
   |  |  |- [0, 1, 2, 3]
   |  |  |- [4, 5, 6, 7]
   |  |  `- [8, 9]
   |  |- [13, 18]
   |  |  |- [10, 11, 12]
   |  |  |- [13, 15, 17]
   |  |  `- [18, 19, 20, 21]
   |  |- [26, 28]
   |  |  |- [22, 23, 24, 25]
   |  |  |- [26, 27]
   |  |  `- [28, 30, 31]
   |  `- [35, 38, 41]
   |     |- [32, 33]
   |     |- [35, 36, 37]
   |     |- [38, 39, 40]
   |     `- [41, 42, 43, 45]
   `- [64, 79, 89]
      |- [51, 54, 58, 60]
      |  |- [46, 48, 49]
      |  |- [51, 52, 53]
      |  |- [54, 57]
      |  |- [58, 59]
      |  `- [60, 62, 63]
      |- [66, 68, 72, 76]
      |  |- [64, 65]
      |  |- [66, 67]
      |  |- [68, 69, 70]
      |  |- [72, 73, 74, 75]
      |  `- [76, 77, 78]
      |- [82, 85]
      |  |- [79, 80, 81]
      |  |- [82, 83]
      |  `- [85, 86, 87, 88]
      `- [91, 94, 97]
         |- [89, 90]
         |- [91, 92, 93]
         |- [94, 95, 96]
         `- [97, 98, 99]
Insert 56
`- [46]
   |- [10, 22, 32]
   |  |- [4, 8]
   |  |  |- [0, 1, 2, 3]
   |  |  |- [4, 5, 6, 7]
   |  |  `- [8, 9]
   |  |- [13, 18]
   |  |  |- [10, 11, 12]
   |  |  |- [13, 15, 17]
   |  |  `- [18, 19, 20, 21]
   |  |- [26, 28]
   |  |  |- [22, 23, 24, 25]
   |  |  |- [26, 27]
   |  |  `- [28, 30, 31]
   |  `- [35, 38, 41]
   |     |- [32, 33]
   |     |- [35, 36, 37]
   |     |- [38, 39, 40]
   |     `- [41, 42, 43, 45]
   `- [64, 79, 89]
      |- [51, 54, 58, 60]
      |  |- [46, 48, 49]
      |  |- [51, 52, 53]
      |  |- [54, 56, 57]
      |  |- [58, 59]
      |  `- [60, 62, 63]
      |- [66, 68, 72, 76]
      |  |- [64, 65]
      |  |- [66, 67]
      |  |- [68, 69, 70]
      |  |- [72, 73, 74, 75]
      |  `- [76, 77, 78]
      |- [82, 85]
      |  |- [79, 80, 81]
      |  |- [82, 83]
      |  `- [85, 86, 87, 88]
      `- [91, 94, 97]
         |- [89, 90]
         |- [91, 92, 93]
         |- [94, 95, 96]
         `- [97, 98, 99]
Insert 47
`- [46]
   |- [10, 22, 32]
   |  |- [4, 8]
   |  |  |- [0, 1, 2, 3]
   |  |  |- [4, 5, 6, 7]
   |  |  `- [8, 9]
   |  |- [13, 18]
   |  |  |- [10, 11, 12]
   |  |  |- [13, 15, 17]
   |  |  `- [18, 19, 20, 21]
   |  |- [26, 28]
   |  |  |- [22, 23, 24, 25]
   |  |  |- [26, 27]
   |  |  `- [28, 30, 31]
   |  `- [35, 38, 41]
   |     |- [32, 33]
   |     |- [35, 36, 37]
   |     |- [38, 39, 40]
   |     `- [41, 42, 43, 45]
   `- [64, 79, 89]
      |- [51, 54, 58, 60]
      |  |- [46, 47, 48, 49]
      |  |- [51, 52, 53]
      |  |- [54, 56, 57]
      |  |- [58, 59]
      |  `- [60, 62, 63]
      |- [66, 68, 72, 76]
      |  |- [64, 65]
      |  |- [66, 67]
      |  |- [68, 69, 70]
      |  |- [72, 73, 74, 75]
      |  `- [76, 77, 78]
      |- [82, 85]
      |  |- [79, 80, 81]
      |  |- [82, 83]
      |  `- [85, 86, 87, 88]
      `- [91, 94, 97]
         |- [89, 90]
         |- [91, 92, 93]
         |- [94, 95, 96]
         `- [97, 98, 99]
Insert 29
`- [46]
   |- [10, 22, 32]
   |  |- [4, 8]
   |  |  |- [0, 1, 2, 3]
   |  |  |- [4, 5, 6, 7]
   |  |  `- [8, 9]
   |  |- [13, 18]
   |  |  |- [10, 11, 12]
   |  |  |- [13, 15, 17]
   |  |  `- [18, 19, 20, 21]
   |  |- [26, 28]
   |  |  |- [22, 23, 24, 25]
   |  |  |- [26, 27]
   |  |  `- [28, 29, 30, 31]
   |  `- [35, 38, 41]
   |     |- [32, 33]
   |     |- [35, 36, 37]
   |     |- [38, 39, 40]
   |     `- [41, 42, 43, 45]
   `- [64, 79, 89]
      |- [51, 54, 58, 60]
      |  |- [46, 47, 48, 49]
      |  |- [51, 52, 53]
      |  |- [54, 56, 57]
      |  |- [58, 59]
      |  `- [60, 62, 63]
      |- [66, 68, 72, 76]
      |  |- [64, 65]
      |  |- [66, 67]
      |  |- [68, 69, 70]
      |  |- [72, 73, 74, 75]
      |  `- [76, 77, 78]
      |- [82, 85]
      |  |- [79, 80, 81]
      |  |- [82, 83]
      |  `- [85, 86, 87, 88]
      `- [91, 94, 97]
         |- [89, 90]
         |- [91, 92, 93]
         |- [94, 95, 96]
         `- [97, 98, 99]
Insert 61
`- [46]
   |- [10, 22, 32]
   |  |- [4, 8]
   |  |  |- [0, 1, 2, 3]
   |  |  |- [4, 5, 6, 7]
   |  |  `- [8, 9]
   |  |- [13, 18]
   |  |  |- [10, 11, 12]
   |  |  |- [13, 15, 17]
   |  |  `- [18, 19, 20, 21]
   |  |- [26, 28]
   |  |  |- [22, 23, 24, 25]
   |  |  |- [26, 27]
   |  |  `- [28, 29, 30, 31]
   |  `- [35, 38, 41]
   |     |- [32, 33]
   |     |- [35, 36, 37]
   |     |- [38, 39, 40]
   |     `- [41, 42, 43, 45]
   `- [64, 79, 89]
      |- [51, 54, 58, 60]
      |  |- [46, 47, 48, 49]
      |  |- [51, 52, 53]
      |  |- [54, 56, 57]
      |  |- [58, 59]
      |  `- [60, 61, 62, 63]
      |- [66, 68, 72, 76]
      |  |- [64, 65]
      |  |- [66, 67]
      |  |- [68, 69, 70]
      |  |- [72, 73, 74, 75]
      |  `- [76, 77, 78]
      |- [82, 85]
      |  |- [79, 80, 81]
      |  |- [82, 83]
      |  `- [85, 86, 87, 88]
      `- [91, 94, 97]
         |- [89, 90]
         |- [91, 92, 93]
         |- [94, 95, 96]
         `- [97, 98, 99]
Insert 84
`- [46]
   |- [10, 22, 32]
   |  |- [4, 8]
   |  |  |- [0, 1, 2, 3]
   |  |  |- [4, 5, 6, 7]
   |  |  `- [8, 9]
   |  |- [13, 18]
   |  |  |- [10, 11, 12]
   |  |  |- [13, 15, 17]
   |  |  `- [18, 19, 20, 21]
   |  |- [26, 28]
   |  |  |- [22, 23, 24, 25]
   |  |  |- [26, 27]
   |  |  `- [28, 29, 30, 31]
   |  `- [35, 38, 41]
   |     |- [32, 33]
   |     |- [35, 36, 37]
   |     |- [38, 39, 40]
   |     `- [41, 42, 43, 45]
   `- [64, 79, 89]
      |- [51, 54, 58, 60]
      |  |- [46, 47, 48, 49]
      |  |- [51, 52, 53]
      |  |- [54, 56, 57]
      |  |- [58, 59]
      |  `- [60, 61, 62, 63]
      |- [66, 68, 72, 76]
      |  |- [64, 65]
      |  |- [66, 67]
      |  |- [68, 69, 70]
      |  |- [72, 73, 74, 75]
      |  `- [76, 77, 78]
      |- [82, 85]
      |  |- [79, 80, 81]
      |  |- [82, 83, 84]
      |  `- [85, 86, 87, 88]
      `- [91, 94, 97]
         |- [89, 90]
         |- [91, 92, 93]
         |- [94, 95, 96]
         `- [97, 98, 99]
Insert 55
`- [46]
   |- [10, 22, 32]
   |  |- [4, 8]
   |  |  |- [0, 1, 2, 3]
   |  |  |- [4, 5, 6, 7]
   |  |  `- [8, 9]
   |  |- [13, 18]
   |  |  |- [10, 11, 12]
   |  |  |- [13, 15, 17]
   |  |  `- [18, 19, 20, 21]
   |  |- [26, 28]
   |  |  |- [22, 23, 24, 25]
   |  |  |- [26, 27]
   |  |  `- [28, 29, 30, 31]
   |  `- [35, 38, 41]
   |     |- [32, 33]
   |     |- [35, 36, 37]
   |     |- [38, 39, 40]
   |     `- [41, 42, 43, 45]
   `- [64, 79, 89]
      |- [51, 54, 58, 60]
      |  |- [46, 47, 48, 49]
      |  |- [51, 52, 53]
      |  |- [54, 55, 56, 57]
      |  |- [58, 59]
      |  `- [60, 61, 62, 63]
      |- [66, 68, 72, 76]
      |  |- [64, 65]
      |  |- [66, 67]
      |  |- [68, 69, 70]
      |  |- [72, 73, 74, 75]
      |  `- [76, 77, 78]
      |- [82, 85]
      |  |- [79, 80, 81]
      |  |- [82, 83, 84]
      |  `- [85, 86, 87, 88]
      `- [91, 94, 97]
         |- [89, 90]
         |- [91, 92, 93]
         |- [94, 95, 96]
         `- [97, 98, 99]
Insert 50
`- [46]
   |- [10, 22, 32]
   |  |- [4, 8]
   |  |  |- [0, 1, 2, 3]
   |  |  |- [4, 5, 6, 7]
   |  |  `- [8, 9]
   |  |- [13, 18]
   |  |  |- [10, 11, 12]
   |  |  |- [13, 15, 17]
   |  |  `- [18, 19, 20, 21]
   |  |- [26, 28]
   |  |  |- [22, 23, 24, 25]
   |  |  |- [26, 27]
   |  |  `- [28, 29, 30, 31]
   |  `- [35, 38, 41]
   |     |- [32, 33]
   |     |- [35, 36, 37]
   |     |- [38, 39, 40]
   |     `- [41, 42, 43, 45]
   `- [54, 64, 79, 89]
      |- [48, 51]
      |  |- [46, 47]
      |  |- [48, 49, 50]
      |  `- [51, 52, 53]
      |- [58, 60]
      |  |- [54, 55, 56, 57]
      |  |- [58, 59]
      |  `- [60, 61, 62, 63]
      |- [66, 68, 72, 76]
      |  |- [64, 65]
      |  |- [66, 67]
      |  |- [68, 69, 70]
      |  |- [72, 73, 74, 75]
      |  `- [76, 77, 78]
      |- [82, 85]
      |  |- [79, 80, 81]
      |  |- [82, 83, 84]
      |  `- [85, 86, 87, 88]
      `- [91, 94, 97]
         |- [89, 90]
         |- [91, 92, 93]
         |- [94, 95, 96]
         `- [97, 98, 99]
Insert 16
`- [46]
   |- [10, 22, 32]
   |  |- [4, 8]
   |  |  |- [0, 1, 2, 3]
   |  |  |- [4, 5, 6, 7]
   |  |  `- [8, 9]
   |  |- [13, 18]
   |  |  |- [10, 11, 12]
   |  |  |- [13, 15, 16, 17]
   |  |  `- [18, 19, 20, 21]
   |  |- [26, 28]
   |  |  |- [22, 23, 24, 25]
   |  |  |- [26, 27]
   |  |  `- [28, 29, 30, 31]
   |  `- [35, 38, 41]
   |     |- [32, 33]
   |     |- [35, 36, 37]
   |     |- [38, 39, 40]
   |     `- [41, 42, 43, 45]
   `- [54, 64, 79, 89]
      |- [48, 51]
      |  |- [46, 47]
      |  |- [48, 49, 50]
      |  `- [51, 52, 53]
      |- [58, 60]
      |  |- [54, 55, 56, 57]
      |  |- [58, 59]
      |  `- [60, 61, 62, 63]
      |- [66, 68, 72, 76]
      |  |- [64, 65]
      |  |- [66, 67]
      |  |- [68, 69, 70]
      |  |- [72, 73, 74, 75]
      |  `- [76, 77, 78]
      |- [82, 85]
      |  |- [79, 80, 81]
      |  |- [82, 83, 84]
      |  `- [85, 86, 87, 88]
      `- [91, 94, 97]
         |- [89, 90]
         |- [91, 92, 93]
         |- [94, 95, 96]
         `- [97, 98, 99]
Insert 34
`- [46]
   |- [10, 22, 32]
   |  |- [4, 8]
   |  |  |- [0, 1, 2, 3]
   |  |  |- [4, 5, 6, 7]
   |  |  `- [8, 9]
   |  |- [13, 18]
   |  |  |- [10, 11, 12]
   |  |  |- [13, 15, 16, 17]
   |  |  `- [18, 19, 20, 21]
   |  |- [26, 28]
   |  |  |- [22, 23, 24, 25]
   |  |  |- [26, 27]
   |  |  `- [28, 29, 30, 31]
   |  `- [35, 38, 41]
   |     |- [32, 33, 34]
   |     |- [35, 36, 37]
   |     |- [38, 39, 40]
   |     `- [41, 42, 43, 45]
   `- [54, 64, 79, 89]
      |- [48, 51]
      |  |- [46, 47]
      |  |- [48, 49, 50]
      |  `- [51, 52, 53]
      |- [58, 60]
      |  |- [54, 55, 56, 57]
      |  |- [58, 59]
      |  `- [60, 61, 62, 63]
      |- [66, 68, 72, 76]
      |  |- [64, 65]
      |  |- [66, 67]
      |  |- [68, 69, 70]
      |  |- [72, 73, 74, 75]
      |  `- [76, 77, 78]
      |- [82, 85]
      |  |- [79, 80, 81]
      |  |- [82, 83, 84]
      |  `- [85, 86, 87, 88]
      `- [91, 94, 97]
         |- [89, 90]
         |- [91, 92, 93]
         |- [94, 95, 96]
         `- [97, 98, 99]
Insert 14
`- [46]
   |- [10, 22, 32]
   |  |- [4, 8]
   |  |  |- [0, 1, 2, 3]
   |  |  |- [4, 5, 6, 7]
   |  |  `- [8, 9]
   |  |- [13, 15, 18]
   |  |  |- [10, 11, 12]
   |  |  |- [13, 14]
   |  |  |- [15, 16, 17]
   |  |  `- [18, 19, 20, 21]
   |  |- [26, 28]
   |  |  |- [22, 23, 24, 25]
   |  |  |- [26, 27]
   |  |  `- [28, 29, 30, 31]
   |  `- [35, 38, 41]
   |     |- [32, 33, 34]
   |     |- [35, 36, 37]
   |     |- [38, 39, 40]
   |     `- [41, 42, 43, 45]
   `- [54, 64, 79, 89]
      |- [48, 51]
      |  |- [46, 47]
      |  |- [48, 49, 50]
      |  `- [51, 52, 53]
      |- [58, 60]
      |  |- [54, 55, 56, 57]
      |  |- [58, 59]
      |  `- [60, 61, 62, 63]
      |- [66, 68, 72, 76]
      |  |- [64, 65]
      |  |- [66, 67]
      |  |- [68, 69, 70]
      |  |- [72, 73, 74, 75]
      |  `- [76, 77, 78]
      |- [82, 85]
      |  |- [79, 80, 81]
      |  |- [82, 83, 84]
      |  `- [85, 86, 87, 88]
      `- [91, 94, 97]
         |- [89, 90]
         |- [91, 92, 93]
         |- [94, 95, 96]
         `- [97, 98, 99]
Insert 44
`- [46]
   |- [10, 22, 32]
   |  |- [4, 8]
   |  |  |- [0, 1, 2, 3]
   |  |  |- [4, 5, 6, 7]
   |  |  `- [8, 9]
   |  |- [13, 15, 18]
   |  |  |- [10, 11, 12]
   |  |  |- [13, 14]
   |  |  |- [15, 16, 17]
   |  |  `- [18, 19, 20, 21]
   |  |- [26, 28]
   |  |  |- [22, 23, 24, 25]
   |  |  |- [26, 27]
   |  |  `- [28, 29, 30, 31]
   |  `- [35, 38, 41, 43]
   |     |- [32, 33, 34]
   |     |- [35, 36, 37]
   |     |- [38, 39, 40]
   |     |- [41, 42]
   |     `- [43, 44, 45]
   `- [54, 64, 79, 89]
      |- [48, 51]
      |  |- [46, 47]
      |  |- [48, 49, 50]
      |  `- [51, 52, 53]
      |- [58, 60]
      |  |- [54, 55, 56, 57]
      |  |- [58, 59]
      |  `- [60, 61, 62, 63]
      |- [66, 68, 72, 76]
      |  |- [64, 65]
      |  |- [66, 67]
      |  |- [68, 69, 70]
      |  |- [72, 73, 74, 75]
      |  `- [76, 77, 78]
      |- [82, 85]
      |  |- [79, 80, 81]
      |  |- [82, 83, 84]
      |  `- [85, 86, 87, 88]
      `- [91, 94, 97]
         |- [89, 90]
         |- [91, 92, 93]
         |- [94, 95, 96]
         `- [97, 98, 99]
Insert 71
`- [46]
   |- [10, 22, 32]
   |  |- [4, 8]
   |  |  |- [0, 1, 2, 3]
   |  |  |- [4, 5, 6, 7]
   |  |  `- [8, 9]
   |  |- [13, 15, 18]
   |  |  |- [10, 11, 12]
   |  |  |- [13, 14]
   |  |  |- [15, 16, 17]
   |  |  `- [18, 19, 20, 21]
   |  |- [26, 28]
   |  |  |- [22, 23, 24, 25]
   |  |  |- [26, 27]
   |  |  `- [28, 29, 30, 31]
   |  `- [35, 38, 41, 43]
   |     |- [32, 33, 34]
   |     |- [35, 36, 37]
   |     |- [38, 39, 40]
   |     |- [41, 42]
   |     `- [43, 44, 45]
   `- [54, 64, 79, 89]
      |- [48, 51]
      |  |- [46, 47]
      |  |- [48, 49, 50]
      |  `- [51, 52, 53]
      |- [58, 60]
      |  |- [54, 55, 56, 57]
      |  |- [58, 59]
      |  `- [60, 61, 62, 63]
      |- [66, 68, 72, 76]
      |  |- [64, 65]
      |  |- [66, 67]
      |  |- [68, 69, 70, 71]
      |  |- [72, 73, 74, 75]
      |  `- [76, 77, 78]
      |- [82, 85]
      |  |- [79, 80, 81]
      |  |- [82, 83, 84]
      |  `- [85, 86, 87, 88]
      `- [91, 94, 97]
         |- [89, 90]
         |- [91, 92, 93]
         |- [94, 95, 96]
         `- [97, 98, 99]