Insert 23
`- [23]
Insert 20
`- [20, 23]
Insert 0
`- [0, 20, 23]
Insert 19
`- [0, 19, 20, 23]
Insert 11
`- [19]
   |- [0, 11]
   `- [19, 20, 23]
Insert 7
`- [19]
   |- [0, 7, 11]
   `- [19, 20, 23]
Insert 25
`- [19]
   |- [0, 7, 11]
   `- [19, 20, 23, 25]
Insert 13
`- [19]
   |- [0, 7, 11, 13]
   `- [19, 20, 23, 25]
Insert 6
`- [7, 19]
   |- [0, 6]
   |- [7, 11, 13]
   `- [19, 20, 23, 25]
Insert 10
`- [7, 19]
   |- [0, 6]
   |- [7, 10, 11, 13]
   `- [19, 20, 23, 25]
Insert 18
`- [7, 11, 19]
   |- [0, 6]
   |- [7, 10]
   |- [11, 13, 18]
   `- [19, 20, 23, 25]
Insert 8
`- [7, 11, 19]
   |- [0, 6]
   |- [7, 8, 10]
   |- [11, 13, 18]
   `- [19, 20, 23, 25]
Insert 22
`- [7, 11, 19, 22]
   |- [0, 6]
   |- [7, 8, 10]
   |- [11, 13, 18]
   |- [19, 20]
   `- [22, 23, 25]
Insert 28
`- [7, 11, 19, 22]
   |- [0, 6]
   |- [7, 8, 10]
   |- [11, 13, 18]
   |- [19, 20]
   `- [22, 23, 25, 28]
Insert 1
`- [7, 11, 19, 22]
   |- [0, 1, 6]
   |- [7, 8, 10]
   |- [11, 13, 18]
   |- [19, 20]
   `- [22, 23, 25, 28]
Insert 2
`- [7, 11, 19, 22]
   |- [0, 1, 2, 6]
   |- [7, 8, 10]
   |- [11, 13, 18]
   |- [19, 20]
   `- [22, 23, 25, 28]
Insert 4
`- [11]
   |- [2, 7]
   |  |- [0, 1]
   |  |- [2, 4, 6]
   |  `- [7, 8, 10]
   `- [19, 22]
      |- [11, 13, 18]
      |- [19, 20]
      `- [22, 23, 25, 28]
Insert 12
`- [11]
   |- [2, 7]
   |  |- [0, 1]
   |  |- [2, 4, 6]
   |  `- [7, 8, 10]
   `- [19, 22]
      |- [11, 12, 13, 18]
      |- [19, 20]
      `- [22, 23, 25, 28]
Insert 21
`- [11]
   |- [2, 7]
   |  |- [0, 1]
   |  |- [2, 4, 6]
   |  `- [7, 8, 10]
   `- [19, 22]
      |- [11, 12, 13, 18]
      |- [19, 20, 21]
      `- [22, 23, 25, 28]
Insert 9
`- [11]
   |- [2, 7]
   |  |- [0, 1]
   |  |- [2, 4, 6]
   |  `- [7, 8, 9, 10]
   `- [19, 22]
      |- [11, 12, 13, 18]
      |- [19, 20, 21]
      `- [22, 23, 25, 28]
Insert 24
`- [11]
   |- [2, 7]
   |  |- [0, 1]
   |  |- [2, 4, 6]
   |  `- [7, 8, 9, 10]
   `- [19, 22, 24]
      |- [11, 12, 13, 18]
      |- [19, 20, 21]
      |- [22, 23]
      `- [24, 25, 28]
Insert 29
`- [11]
   |- [2, 7]
   |  |- [0, 1]
   |  |- [2, 4, 6]
   |  `- [7, 8, 9, 10]
   `- [19, 22, 24]
      |- [11, 12, 13, 18]
      |- [19, 20, 21]
      |- [22, 23]
      `- [24, 25, 28, 29]
Insert 15
`- [11]
   |- [2, 7]
   |  |- [0, 1]
   |  |- [2, 4, 6]
   |  `- [7, 8, 9, 10]
   `- [13, 19, 22, 24]
      |- [11, 12]
      |- [13, 15, 18]
      |- [19, 20, 21]
      |- [22, 23]
      `- [24, 25, 28, 29]
Insert 26
`- [11, 22]
   |- [2, 7]
   |  |- [0, 1]
   |  |- [2, 4, 6]
   |  `- [7, 8, 9, 10]
   |- [13, 19]
   |  |- [11, 12]
   |  |- [13, 15, 18]
   |  `- [19, 20, 21]
   `- [24, 26]
      |- [22, 23]
      |- [24, 25]
      `- [26, 28, 29]
Insert 5
`- [11, 22]
   |- [2, 7]
   |  |- [0, 1]
   |  |- [2, 4, 5, 6]
   |  `- [7, 8, 9, 10]
   |- [13, 19]
   |  |- [11, 12]
   |  |- [13, 15, 18]
   |  `- [19, 20, 21]
   `- [24, 26]
      |- [22, 23]
      |- [24, 25]
      `- [26, 28, 29]
Insert 17
`- [11, 22]
   |- [2, 7]
   |  |- [0, 1]
   |  |- [2, 4, 5, 6]
   |  `- [7, 8, 9, 10]
   |- [13, 19]
   |  |- [11, 12]
   |  |- [13, 15, 17, 18]
   |  `- [19, 20, 21]
   `- [24, 26]
      |- [22, 23]
      |- [24, 25]
      `- [26, 28, 29]
Insert 27
`- [11, 22]
   |- [2, 7]
   |  |- [0, 1]
   |  |- [2, 4, 5, 6]
   |  `- [7, 8, 9, 10]
   |- [13, 19]
   |  |- [11, 12]
   |  |- [13, 15, 17, 18]
   |  `- [19, 20, 21]
   `- [24, 26]
      |- [22, 23]
      |- [24, 25]
      `- [26, 27, 28, 29]
Insert 16
`- [11, 22]
   |- [2, 7]
   |  |- [0, 1]
   |  |- [2, 4, 5, 6]
   |  `- [7, 8, 9, 10]
   |- [13, 16, 19]
   |  |- [11, 12]
   |  |- [13, 15]
   |  |- [16, 17, 18]
   |  `- [19, 20, 21]
   `- [24, 26]
      |- [22, 23]
      |- [24, 25]
      `- [26, 27, 28, 29]
Insert 3
`- [11, 22]
   |- [2, 4, 7]
   |  |- [0, 1]
   |  |- [2, 3]
   |  |- [4, 5, 6]
   |  `- [7, 8, 9, 10]
   |- [13, 16, 19]
   |  |- [11, 12]
   |  |- [13, 15]
   |  |- [16, 17, 18]
   |  `- [19, 20, 21]
   `- [24, 26]
      |- [22, 23]
      |- [24, 25]
      `- [26, 27, 28, 29]
Insert 14
`- [11, 22]
   |- [2, 4, 7]
   |  |- [0, 1]
   |  |- [2, 3]
   |  |- [4, 5, 6]
   |  `- [7, 8, 9, 10]
   |- [13, 16, 19]
   |  |- [11, 12]
   |  |- [13, 14, 15]
   |  |- [16, 17, 18]
   |  `- [19, 20, 21]
   `- [24, 26]
      |- [22, 23]
      |- [24, 25]
      `- [26, 27, 28, 29]